m r d s f D_dxy_mean D_dxy_quantile0.05 D_dxy_quantile0.25 D_dxy_quantile0.50 D_dxy_quantile0.75 D_dxy_quantile0.95 HD_dxy_mean HD_dxy_quantile0.05 HD_dxy_quantile0.25 HD_dxy_quantile0.50 HD_dxy_quantile0.75 HD_dxy_quantile0.95
0 2.5e-07 0.01 0 0.001 825.3075 785.29475 816.17375 835.09 844.22375 851.62475 867.19875 804.83975 811.7 872.6475 901.10875 937.62175
0 2.5e-07 0.01 0 0.01 864.476162790698 801.193 830.53 861.875 901.2275 934.766 865.652159090909 804.524 841.5975 853.4325 897.22 932.7905
0 2.5e-07 0.01 0 0.1 870.114177631579 799.71025 840.31625 867.05 902.18125 947.234 873.416816770186 801.51575 840.38875 875.0225 903.4275 949.87
0 2.5e-07 0.01 0 0.5 868.806570713392 797.083 838.9825 869.495 898.2675 939.4545 871.462354463131 796.047 841.005 870.6 902.37 948.497
0 2.5e-07 0.5 0 0.001 825.3075 785.29475 816.17375 835.09 844.22375 851.62475 867.19875 804.83975 811.7 872.6475 901.10875 937.62175
0 2.5e-07 0.5 0 0.01 864.476162790698 801.193 830.53 861.875 901.2275 934.766 865.652159090909 804.524 841.5975 853.4325 897.22 932.7905
0 2.5e-07 0.5 0 0.1 870.114177631579 799.71025 840.31625 867.05 902.18125 947.234 873.416816770186 801.51575 840.38875 875.0225 903.4275 949.87
0 2.5e-07 0.5 0 0.5 868.806570713392 797.083 838.9825 869.495 898.2675 939.4545 871.462354463131 796.047 841.005 870.6 902.37 948.497
0 2.5e-07 0.01 0.0067 0.001 816.443333333333 784.131 804.095 829.05 835.095 839.931 875.954333333333 803.101 848.22 884.565 903.0725 938.15
0 2.5e-07 0.01 0.0067 0.01 864.522391304348 790.88875 841.025 862.4675 896.56375 933.99 870.599285714286 795.62 836.2125 874.61 899.295 942.25
0 2.5e-07 0.01 0.0067 0.1 872.821852791878 797.79775 839.32 873.115 901.725 950.56125 876.354982668977 806.799 844.675 874.515 905.385 955.411
0 2.5e-07 0.01 0.0067 0.5 871.162724974722 798.859 840.63 870.095 899.075 950.895 873.385651302605 798.588 842.17375 873.7875 902.68875 947.30375
0 2.5e-07 0.5 0.0067 0.001 842.22125 780.46125 817.50625 838.1525 879.14375 899.531 881.884444444444 813.10875 844.9475 879.1175 910.90125 958.932
0 2.5e-07 0.5 0.0067 0.01 869.575631578947 804.2955 843.0575 869.095 894.265 938.4235 865.771022727273 788.2895 833.58 865.2725 895.70625 939.17025
0 2.5e-07 0.5 0.0067 0.1 871.569462121212 796.8315 842.17125 870.1375 901.9775 950.1335 874.543780160858 798.515 842.5 872.775 904.2875 957.39625
0 2.5e-07 0.5 0.0067 0.5 870.889550050556 803.637 841.425 870.3 899.39 945.287 874.823443443443 800.549 843.0475 874.07 905.7 953.4255
0 2.5e-07 0.01 0.01333 0.001 844.075 785.397 824.745 855.74 875.07 886.422 871.829523809524 815.49 838.75 875.605 893.01 944.835
0 2.5e-07 0.01 0.01333 0.01 860.973770491803 786.045 827.915 860.235 894.095 938.015 867.298020833333 798.07425 836.68125 864.7625 900.46875 942.56675
0 2.5e-07 0.01 0.01333 0.1 871.293894523327 788.675 841.805 868.9 902.725 947.44 873.179798488665 795.93725 844.31 874.0425 902.225 953.787
0 2.5e-07 0.01 0.01333 0.5 872.099665 801.5075 841.24125 869.315 902.87125 947.156 874.951255 805.4855 844.16625 874.49 902.49875 950.72375
0 2.5e-07 0.5 0.01333 0.001 857.263571428571 795.02525 827.72875 841.425 877.91 952.24575 867.33375 789.78175 846.9425 870.385 894.94875 936.32375
0 2.5e-07 0.5 0.01333 0.01 870.608186813187 791.536 841.05 867.2175 895.555 953.174 869.068583690987 795.63 841.12 868.115 898.04 951.632
0 2.5e-07 0.5 0.01333 0.1 871.998819767442 792.65 839.93 873.7775 900.71625 951.2995 872.917222820237 801.152 840.98 873.335 902.445 950.47
0 2.5e-07 0.5 0.01333 0.5 871.13133 802.9145 842.59375 870.4225 897.9625 942.94125 874.097855 799.5535 843.38125 874.5225 901.83125 950.5415
0 2.5e-07 0.01 0.02667 0.001 836.365 782.90625 808.8075 846.3075 862.27125 879.325 877.8425 807.0095 843.205 878.625 910.03875 944.7
0 2.5e-07 0.01 0.02667 0.01 869.207784810127 787.293 834.615 872.29 897.79 950.5465 872.456068548387 801.63125 842.51 868.4525 900.655 960.2175
0 2.5e-07 0.01 0.02667 0.1 870.507303459119 793.015 837.99625 869.0725 906.41375 951.27375 873.96872528616 800.925 843.58 871.945 904.075 949.58
0 2.5e-07 0.01 0.02667 0.5 872.69255 801.5165 841.12125 871.045 902.82125 946.88575 874.04615 803.08725 842.14875 871.6025 905.5175 947.142
0 2.5e-07 0.5 0.02667 0.001 867.555869565217 816.327 848.165 869.76 886.3175 925.685 869.678604651163 798.601 835.5125 869.52 904.64 947.5485
0 2.5e-07 0.5 0.02667 0.01 868.96966966967 794.284 838.055 869.575 896.42 945.452 874.228219512195 795.137 845.3425 872.4675 903.8725 953.8305
0 2.5e-07 0.5 0.02667 0.1 872.766494370522 799.889 844.72 871.72 901.615 947.256 872.992308467742 795.43775 841.77625 871.1275 901.94 951.815
0 2.5e-07 0.5 0.02667 0.5 871.64597 796.54 842.35875 869.8425 900.50375 948.89075 875.047165 803.36275 843.95875 874.865 904.55 953.3345
0 2.5e-07 0.01 0.05333 0.001 843.945833333333 792.4525 830.3025 842.67 861.96 894.01375 874.113369565217 811.2225 841.68375 872.6475 895.64625 953.66625
0 2.5e-07 0.01 0.05333 0.01 868.828545454545 793.9245 836.47 865.06 897.45375 943.585 869.975047393365 794.7665 838.28625 870.8625 900.0925 948.92825
0 2.5e-07 0.01 0.05333 0.1 872.556083743842 800.539 841.435 870.4975 900.8625 948.18725 876.093137550201 802.075 844.96875 874.2675 904.14125 957.60875
0 2.5e-07 0.01 0.05333 0.5 871.236575 793.528 840.96125 870.905 901.50625 949.449 871.718395 801.52375 838.3225 871.2525 899.58375 952.3315
0 2.5e-07 0.5 0.05333 0.001 865.037727272727 796.75325 838.55 860.4575 889.235 933.059 871.968783783784 790.42025 847.5075 870.8975 905.69 942.82975
0 2.5e-07 0.5 0.05333 0.01 869.0378976234 797.0155 837.685 867.325 898.095 945.188 872.758190993789 796.85725 840.74375 872.075 902.615 950.39275
0 2.5e-07 0.5 0.05333 0.1 870.41681 799.537 837.3625 870.98 901.74625 947.16 872.540445 794.72525 842.25375 869.405 904.62125 952.17775
0 2.5e-07 0.5 0.05333 0.5 872.63698 801.52675 843.19 871.57 901.68875 946.30775 873.01416 799.7385 839.55 871.84 903.72625 948.11975
0 2.5e-07 0.01 0.0667 0.001 829.255833333333 779.49625 790.9975 819.4325 859.48125 895.83125 877.916603773585 800.565 855.195 876.555 905.33 948.017
0 2.5e-07 0.01 0.0667 0.01 864.260967741935 792.10325 834.605 857.505 891.94875 942.2265 871.180838509317 794.479 834.8675 867.24 904.9 957.1795
0 2.5e-07 0.01 0.0667 0.1 872.513588235294 797.439 840.00125 872.2425 905.16875 946.89375 873.280860860861 800.9725 842.8925 871.05 901.5775 950.2875
0 2.5e-07 0.01 0.0667 0.5 871.126325 800.133 839.23375 868.885 901.08125 948.6925 873.99838 798.7345 840.40625 873.07 905.29 952.065
0 2.5e-07 0.5 0.0667 0.001 874.624433962264 809.442 843.17 878.37 901.985 946.483 875.75255952381 796.71025 840.28125 880.5125 899.33375 964.116
0 2.5e-07 0.5 0.0667 0.01 872.568727858293 794.175 841.065 868.83 903.29 953.11 872.655755894591 798.065 839.235 870.125 906.33 951.8
0 2.5e-07 0.5 0.0667 0.1 871.616915 800.10475 840.95875 873.0575 900.27375 945.16875 874.15544 797.02075 843.93875 872.0675 903.705 952.98325
0 2.5e-07 0.5 0.0667 0.5 872.185615 797.0255 842.60125 869.1125 902.61125 955.4405 872.556655 801.62225 838.76875 869.845 903.81125 952.16375
0 2.5e-07 0.01 0.1334 0.001 853.8315 797.1955 841.53 858.3475 876.49375 892.85875 872.614510869565 800.98675 840.24625 870.155 892.32 953.60325
0 2.5e-07 0.01 0.1334 0.01 864.835361111111 798.79675 834.35375 860.975 891.72375 940.86875 872.383776077886 800.658 839.2 869.93 902.3075 952.9795
0 2.5e-07 0.01 0.1334 0.1 872.514358037578 797.54825 838.8975 871.53 904.68625 952.48475 874.57793 800.4155 841.70125 872.945 905.9025 955.1135
0 2.5e-07 0.01 0.1334 0.5 871.853995 797.01125 841.0075 871.915 901.6825 949.68025 875.324465 800.05925 845.25 874.6475 907.4525 950.131
0 2.5e-07 0.5 0.1334 0.001 876.213520408163 803.01075 844.74 876.1425 912.4375 946.7205 877.931275862069 795.274 845.45 876.67 910.38 950.551
0 2.5e-07 0.5 0.1334 0.01 871.458566308244 801.255 841.96 868.17 900.34 946.145 872.534046306505 795.277 841.55 871.43 901.805 953.448
0 2.5e-07 0.5 0.1334 0.1 871.034035 796.945 838.1675 869.2075 901.04375 950.177 873.55147 796.015 842.79 872.85 902.45625 950.19925
0 2.5e-07 0.5 0.1334 0.5 870.407915 797.267 841.6825 869.5275 899.03375 949.13425 872.47065 802.9795 840.99875 870.98 902.1825 944.36175
0.00034 2.5e-07 0.01 0 0.001 678.032857142857 623.2995 643.9375 683.925 711.2375 727.4225 687.597142857143 603.5865 674.53 687.075 723.7475 752.0725
0.00034 2.5e-07 0.01 0 0.01 700.026428571429 631.41175 670.80875 705.9475 732.32375 757.638 685.026818181818 617.625 666.63 684.995 717.12 759.455
0.00034 2.5e-07 0.01 0 0.1 694.545862619808 626.419 666.29 694.27 721.45 768.013 694.711861198738 631.57 665.555 696.5 720.34 768.442
0.00034 2.5e-07 0.01 0 0.5 693.333201298701 627.84125 664.04875 691.21 721.28375 766.27625 691.410162703379 628.411 661.605 691.315 717.92 764.1565
0.00034 2.5e-07 0.5 0 0.001 678.032857142857 623.2995 643.9375 683.925 711.2375 727.4225 687.597142857143 603.5865 674.53 687.075 723.7475 752.0725
0.00034 2.5e-07 0.5 0 0.01 700.026428571429 631.41175 670.80875 705.9475 732.32375 757.638 685.026818181818 617.625 666.63 684.995 717.12 759.455
0.00034 2.5e-07 0.5 0 0.1 694.545862619808 626.419 666.29 694.27 721.45 768.013 694.711861198738 631.57 665.555 696.5 720.34 768.442
0.00034 2.5e-07 0.5 0 0.5 693.333201298701 627.84125 664.04875 691.21 721.28375 766.27625 691.410162703379 628.411 661.605 691.315 717.92 764.1565
0.00034 2.5e-07 0.01 0.0067 0.001 691.649285714286 651.033 672.6475 698.13 711.8925 727.8155 707.462142857143 638.9735 676.45 681.225 736.1675 802.519
0.00034 2.5e-07 0.01 0.0067 0.01 710.564404761905 649.23425 676.31625 708.0275 733.8875 794.61775 706.915529411765 649.044 673.73 704.425 734.83 769.68
0.00034 2.5e-07 0.01 0.0067 0.1 703.288923444976 638.887 674.425 705.94 731.67125 767.30925 714.228177257525 644.245 682.695 713.69 742.30625 789.855
0.00034 2.5e-07 0.01 0.0067 0.5 708.011975560082 636.058 678.55875 707.6075 738.9175 780.579 714.581063189569 643.312 685.49 714.285 742.845 784.367
0.00034 2.5e-07 0.5 0.0067 0.001 690.606666666667 630.827 639.15 711.54 719.515 732.986 701.746153846154 641.881 675.665 703.01 714.455 761.07
0.00034 2.5e-07 0.5 0.0067 0.01 706.484736842105 640.82 676.8275 706.61 734.035 772.4665 709.326186440678 650.183 684.44125 707.5475 735.36875 765.98575
0.00034 2.5e-07 0.5 0.0067 0.1 706.282811501597 640.76 676.2475 704.5875 735.71375 774.22 713.486126187246 645.074 686.93 711.955 738.775 785.984
0.00034 2.5e-07 0.5 0.0067 0.5 708.365010090817 636.135 677.61 708.33 737.8975 778.16 714.462766599598 641.67075 683.305 715.415 745.675 783.834
0.00034 2.5e-07 0.01 0.01333 0.001 686.918571428571 653.5455 662.7625 691.19 704.55 724.295 721.915555555556 668.201 681.165 704.84 756.2 802.166
0.00034 2.5e-07 0.01 0.01333 0.01 715.0668 652.4425 685.84625 714.18 745.31625 774.224 723.3805 662.8175 695.415 721.12 751.355 787.555
0.00034 2.5e-07 0.01 0.01333 0.1 716.047201923077 645.9335 685.585 713.44 745.17 791.51375 730.681372064277 660.482 701.82 730.53 761.34 800.568
0.00034 2.5e-07 0.01 0.01333 0.5 719.467242242242 646.2345 689.2725 717.61 750.6 798.199 731.216906906907 659.8255 700.45 730.025 761.705 805.6555
0.00034 2.5e-07 0.5 0.01333 0.001 714.585333333333 648.8595 679.0375 706.415 754.0425 795.6565 729.9975 666.50625 698.97 724.655 757.24125 799.89225
0.00034 2.5e-07 0.5 0.01333 0.01 722.56932642487 650.717 689.64 722.06 754.535 797.267 725.284627906977 660.019 693.99 724.3 755.0175 799.226
0.00034 2.5e-07 0.5 0.01333 0.1 722.111980482204 655.725 690.5925 719.495 750.155 794.455 732.472061356297 664.182 703.78 730.245 759.705 805.914
0.00034 2.5e-07 0.5 0.01333 0.5 722.774655 654.92675 691.59875 719.565 751.6875 804.311 734.098875 660.2315 704.37375 734.015 764.7425 805.79575
0.00034 2.5e-07 0.01 0.02667 0.001 732.18625 692.24175 703.44125 735.2025 742.44625 785.73725 731.021666666667 682.16125 706.25 724.6375 755.54125 786.266
0.00034 2.5e-07 0.01 0.02667 0.01 723.89404109589 659.046 697.34 723.515 751.58 779.276 744.546763485477 666.57 707.595 742.37 778.94 819.925
0.00034 2.5e-07 0.01 0.02667 0.1 727.730160305343 655.5615 697.1575 724.89 755.865 806.6825 750.969712343096 676.41375 719.86125 749.94 782.79625 824.705
0.00034 2.5e-07 0.01 0.02667 0.5 731.41655 658.739 699.97875 730.115 763.6875 805.58225 754.39987 679.508 723.9425 754.2275 785.41375 825.98075
0.00034 2.5e-07 0.5 0.02667 0.001 748.670227272727 690.023 715.73625 756.34 773.49625 805.8955 757.206875 681.51 734.83625 757.4875 778.31375 827.404
0.00034 2.5e-07 0.5 0.02667 0.01 749.621972049689 675.619 721.77625 748.86 780.76875 824.38175 751.866871794872 675.34875 716.18 750.26 783.2825 833.71725
0.00034 2.5e-07 0.5 0.02667 0.1 745.48603343465 667.9105 716.8875 747.45 774.465 816.865 754.66251765893 682.1575 724.755 753.365 782.22 828.5075
0.00034 2.5e-07 0.5 0.02667 0.5 744.285635 672.49375 712.13875 744.635 774.0375 818.1265 758.493545 685.0595 728.65625 757.475 788.18125 833.658
0.00034 2.5e-07 0.01 0.05333 0.001 728.0755 671.02475 707.2525 734.9325 744.27625 781.7165 771.110487804878 707.64 736.455 773.58 806.63 827.125
0.00034 2.5e-07 0.01 0.05333 0.01 740.052657657658 683.7125 709.8975 736.39 765.85 819.255 775.423157248157 702.8205 740.0775 777.035 806.4325 853.599
0.00034 2.5e-07 0.01 0.05333 0.1 748.930203955501 674.479 716.5 748.91 779.84 824.494 777.665320641283 702.44325 742.18125 775.0125 812.38 854.486
0.00034 2.5e-07 0.01 0.05333 0.5 748.54349 672.40525 715.3775 747.08 782.065 831.87325 782.81567 703.92775 752.49625 783.1325 812.4525 858.11775
0.00034 2.5e-07 0.5 0.05333 0.001 774.162325581395 708.47 747.2625 765.985 800.4225 837.77 781.908493150685 718.539 744.465 779.805 811.51 854.603
0.00034 2.5e-07 0.5 0.05333 0.01 772.297655677656 695.5925 738.98 774.7175 804.00625 848.54375 782.62766286645 701.98375 751.10875 781.0325 814.05375 855.913
0.00034 2.5e-07 0.5 0.05333 0.1 772.40702 703.4175 742.33125 770.1175 800.98125 845.4265 783.864915 707.425 752.515 784.9025 814.48 862.68875
0.00034 2.5e-07 0.5 0.05333 0.5 774.044395 706.20525 742.56375 772.555 804.92125 850.95075 785.047495 709.05725 754.69625 783.6825 815.0875 862.935
0.00034 2.5e-07 0.01 0.0667 0.001 712.033 646.56 706.555 721.2025 730.8925 753.40775 772.718823529412 713.14 740.6075 767.015 796.645 850.1725
0.00034 2.5e-07 0.01 0.0667 0.01 745.597093023256 675.959 719.54 747.48 774.91 811.926 782.309498933902 703.673 745.44 783.09 815.445 859.754
0.00034 2.5e-07 0.01 0.0667 0.1 750.83046875 679.817 720.0125 750.5025 780.4525 823.34025 788.43794 710.23975 754.03125 787.485 820.7425 869.07325
0.00034 2.5e-07 0.01 0.0667 0.5 754.219795 678.81425 722.415 752.0925 782.945 837.39875 788.17657 715.6465 756.345 790.1925 819.02 866.78975
0.00034 2.5e-07 0.5 0.0667 0.001 780.370181818182 715.411 747.14 781.015 812.1175 851.0095 784.934166666667 706.268 749.09 784.5825 819.50625 867.92525
0.00034 2.5e-07 0.5 0.0667 0.01 780.133885298869 705.434 749.8475 778.905 813.015 858.6005 790.356267705382 713.585 759.45875 788.6525 823.23 866.96875
0.00034 2.5e-07 0.5 0.0667 0.1 782.12228 705.905 751.59875 780.095 813.1275 858.78 797.02584 721.85 764.28625 796.485 829.17 872.345
0.00034 2.5e-07 0.5 0.0667 0.5 784.320255 709.78125 754.14875 784.44 814.3075 863.30925 797.42353 724.68425 764.90375 796.4275 827.32625 877.5155
0.00034 2.5e-07 0.01 0.1334 0.001 762.6465 717.19525 745.17625 758.98 791.87125 800.181 806.312037037037 715.27 776.435 808.695 846.44 876.9
0.00034 2.5e-07 0.01 0.1334 0.01 759.376923076923 686.48775 724.68625 757.065 791.30625 835.775 810.505707213578 733.1225 778.895 810.025 841.4425 889.602
0.00034 2.5e-07 0.01 0.1334 0.1 768.062008281574 691.13125 735.36125 767.3275 798.955 848.065 813.406955 735.6 783.81875 813.3925 842.00375 893.35075
0.00034 2.5e-07 0.01 0.1334 0.5 771.961545 692.173 740.1775 771.7075 803.04 850.63975 815.91485 738.7 783.50875 815.0175 846.01 894.35375
0.00034 2.5e-07 0.5 0.1334 0.001 803.575044642857 722.18475 769.6975 800.3 835.4775 885.47925 822.008216783217 754.3795 788.915 819.31 848.1575 917.501
0.00034 2.5e-07 0.5 0.1334 0.01 809.510841232227 732.068 776.60125 808.69 841.7525 889.79925 820.567600446429 741.90375 789.2575 819.375 852.4875 903.0925
0.00034 2.5e-07 0.5 0.1334 0.1 811.56979 738.69975 780.6725 809.855 839.72625 890.365 824.552025 751.60675 791.55375 823.2875 855.8975 906.8165
0.00034 2.5e-07 0.5 0.1334 0.5 810.713845 733.73875 781.37625 811.3225 839.12375 887.1055 822.83328 746.35675 792.5375 820.575 852.99625 901.25725
0.0017 2.5e-07 0.01 0 0.001 589.40375 556.876 576.7 592.7975 605.50125 617.18025 583.20125 552.2675 555.7175 580.1475 607.63125 618.41025
0.0017 2.5e-07 0.01 0 0.01 586.967083333333 541.07125 569.115 588.0975 603.1125 630.9375 591.97 533.465 562.91 588.44 620.1125 659.015
0.0017 2.5e-07 0.01 0 0.1 596.239134275618 542.3165 576.64 596.87 617.1 649.1295 594.408890675241 548 571.1925 595.865 615.235 645.375
0.0017 2.5e-07 0.01 0 0.5 591.392736351531 537.5325 569.565 590.05 613.7625 649.5275 593.55622311828 537.5695 572.1425 593.935 614.06625 647.74575
0.0017 2.5e-07 0.5 0 0.001 589.40375 556.876 576.7 592.7975 605.50125 617.18025 583.20125 552.2675 555.7175 580.1475 607.63125 618.41025
0.0017 2.5e-07 0.5 0 0.01 586.967083333333 541.07125 569.115 588.0975 603.1125 630.9375 591.97 533.465 562.91 588.44 620.1125 659.015
0.0017 2.5e-07 0.5 0 0.1 596.239134275618 542.3165 576.64 596.87 617.1 649.1295 594.408890675241 548 571.1925 595.865 615.235 645.375
0.0017 2.5e-07 0.5 0 0.5 591.392736351531 537.5325 569.565 590.05 613.7625 649.5275 593.55622311828 537.5695 572.1425 593.935 614.06625 647.74575
0.0017 2.5e-07 0.01 0.0067 0.001 596.64125 583.19425 586.61125 591.655 601.685 617.069 587.105 536.2615 559.35125 588.3 618 633.71925
0.0017 2.5e-07 0.01 0.0067 0.01 595.4340625 548.92475 577.98125 592.5875 615.75625 640.065 594.466907894737 528.8725 575.09 594.055 617.48125 650.115
0.0017 2.5e-07 0.01 0.0067 0.1 597.441640826873 551.588 576.38 595.135 618.0075 649.8845 595.905295169946 545.3915 574.155 596.535 616.1075 645.846
0.0017 2.5e-07 0.01 0.0067 0.5 597.126308262712 545.91875 575.40875 596.48 617.88 650.7055 598.57607106599 546.26 575.985 598.315 619.755 653.438
0.0017 2.5e-07 0.5 0.0067 0.001 577.559285714286 563.4715 565.8375 569.24 578.0875 609.8345 586.1625 530.643 555.42375 593.76 620.63375 629.20825
0.0017 2.5e-07 0.5 0.0067 0.01 593.448947368421 544.245 575.39375 591.405 613.94125 644.4825 592.543577586207 536.94 572.2325 595.1575 612.125 645.09875
0.0017 2.5e-07 0.5 0.0067 0.1 595.511856127886 542.3675 573.09 594.225 618.1 643.4445 598.421376080692 545.3625 575.25625 599.27 620.71 654.1915
0.0017 2.5e-07 0.5 0.0067 0.5 594.985531578947 540.20775 571.5225 594.73 618.4425 650.42375 597.670459652707 544.5835 575.0675 597.405 619.33 652.0955
0.0017 2.5e-07 0.01 0.01333 0.001 582.309 524.442 568.95 588.02 620.255 620.855 605.4205 540.93475 565.895 595.27 618.625 705.7785
0.0017 2.5e-07 0.01 0.01333 0.01 595.1156 550.0765 572.30625 595.1575 612.2075 643.326 600.456954887218 546.764 582.145 596.825 621.06 654.724
0.0017 2.5e-07 0.01 0.01333 0.1 597.391864919355 547.72 576.47625 595.8025 617.59 652.00875 605.664876695438 552.3825 581.4 604.6 629.9275 662.4375
0.0017 2.5e-07 0.01 0.01333 0.5 601.312502502503 547.439 576.9175 601.155 625.655 656.0175 606.89289 553.8025 582.49 607.0075 629.90375 668.546
0.0017 2.5e-07 0.5 0.01333 0.001 593.307857142857 556.55925 583.28875 596.96 607.39 625.2645 606.023611111111 545.203 583.26625 606.705 632.3025 673.8675
0.0017 2.5e-07 0.5 0.01333 0.01 599.423869047619 549.11725 575.51625 599.6875 621.31625 648.932 601.428128078818 551.9465 578.1975 596.565 619.265 666.859
0.0017 2.5e-07 0.5 0.01333 0.1 600.656055155875 544.33575 577.84125 598.675 622.52125 661.40975 607.714448087432 553.91 586.2 607.44 628.7275 664.3745
0.0017 2.5e-07 0.5 0.01333 0.5 601.315835 548.96775 579.21 599.1575 622.8425 658.89925 609.186085 558.15 586.92125 607.2525 629.8 665.85225
0.0017 2.5e-07 0.01 0.02667 0.001 589.581428571429 535.2005 565.5 592.27 623.105 626.375 608.1953125 571.15875 590.895 612.495 618.35125 644.67875
0.0017 2.5e-07 0.01 0.02667 0.01 602.742434210526 558.2325 580.74125 602.445 621.27125 661.31125 617.31686695279 558.456 600.13 619.67 641.395 669.911
0.0017 2.5e-07 0.01 0.02667 0.1 605.152407692308 552.42275 582.89 603.7875 625.5075 661.975 619.719118572928 566.873 596.845 619.955 641.805 672.659
0.0017 2.5e-07 0.01 0.02667 0.5 609.129045 556.266 587.2575 607.395 632.2875 662.7465 622.323585 565.06675 597.67625 620.6275 646.9975 681.00575
0.0017 2.5e-07 0.5 0.02667 0.001 615.995434782609 559.0485 584 625.59 642.5875 682.0745 616.765588235294 570.6745 591.7575 614.055 631.21 686.884
0.0017 2.5e-07 0.5 0.02667 0.01 612.665253968254 561.2575 591.0775 612.695 634.235 666.7855 622.055663129973 570.397 599.085 619.415 645.81 677.307
0.0017 2.5e-07 0.5 0.02667 0.1 615.975642857143 559.2255 592.13125 615.665 638.26625 671.65725 624.996376884422 567.2025 603.42 624.305 647.1425 682.274
0.0017 2.5e-07 0.5 0.02667 0.5 616.90276 562.5565 593.81 617.015 639.6075 673.978 625.07552 569.5765 601.82125 623.8525 646.78125 684.436
0.0017 2.5e-07 0.01 0.05333 0.001 602.965714285714 584.9525 593.725 596.305 610.125 631.162 636.755833333333 572.2795 618.025 632.1625 653.18375 705.28925
0.0017 2.5e-07 0.01 0.05333 0.01 614.936785714286 551.717 592.5075 608.95 641.59 677.9865 638.346547029703 573.33325 612.47625 637.835 663.045 699.1545
0.0017 2.5e-07 0.01 0.05333 0.1 612.815668316832 553.673 586.93875 614.445 638.5525 668.6715 644.37490990991 584.737 617.2525 644.1 670.36 709.5255
0.0017 2.5e-07 0.01 0.05333 0.5 617.844615 559.094 592.74625 618.05 642.66125 675.43325 648.176815 585.485 623.23625 649.45 671.3925 707.26825
0.0017 2.5e-07 0.5 0.05333 0.001 637.071547619048 577.612 609.33625 639.2875 663.86875 683.94425 642.170135135135 579.14375 623.72125 643.9525 669.005 691.316
0.0017 2.5e-07 0.5 0.05333 0.01 637.771470054446 583.8175 613.095 635.81 662.2925 695.4525 651.317260940032 589.264 624.92 650.86 675.77 719.937
0.0017 2.5e-07 0.5 0.05333 0.1 640.942665 585.88675 616.64625 638.9 664.865 700.22925 657.350475 596.926 631.45125 657.35 683.545 721.06125
0.0017 2.5e-07 0.5 0.05333 0.5 642.21289 583.03975 615.57 640.215 667.66875 707.38425 657.156965 598.1655 631.00875 654.895 680.20375 724.94575
0.0017 2.5e-07 0.01 0.0667 0.001 615.759 564.92475 602.5825 619.315 633.37875 658.349 655.9189 601.554 623.845 654.6925 678.19125 733.28575
0.0017 2.5e-07 0.01 0.0667 0.01 612.182874015748 555.98 591.295 612.45 634.935 658.9165 646.23625 575.0365 616.72375 646.4575 674.44 716.18025
0.0017 2.5e-07 0.01 0.0667 0.1 619.519066193853 558.0175 597.1125 620.76 641.04 680.855 653.224185 588.79775 625.38125 652.3425 681.06625 717.71625
0.0017 2.5e-07 0.01 0.0667 0.5 621.22815 562.2735 593.85375 620.3275 647.115 682.6605 657.425845 597.36475 630.80125 655.7675 683.32375 720.0565
0.0017 2.5e-07 0.5 0.0667 0.001 647.459716981132 585.89 623.47 656.36 670.295 697.219 659.627764705882 579.917 636.965 661.18 693.585 720.713
0.0017 2.5e-07 0.5 0.0667 0.01 650.259468599034 585.955 623.84 649.775 675.77 717.29 663.554773371105 598.3725 633.39125 663.6775 691.075 727.69
0.0017 2.5e-07 0.5 0.0667 0.1 652.36261 591.7615 626.1775 652.485 678.195 714.365 669.55603 610.2145 643.7125 669.655 693.595 730.20825
0.0017 2.5e-07 0.5 0.0667 0.5 652.145955 591.9075 625.6375 648.9675 677.7525 720.02175 670.493905 610.4085 643.4375 668.445 696.43375 737.44925
0.0017 2.5e-07 0.01 0.1334 0.001 600.7835 552.749 592.12875 603.8625 620.745 637.15075 686.162831325301 628.4405 652.6325 678.475 717.57 759.3125
0.0017 2.5e-07 0.01 0.1334 0.01 626.339338624339 562.483 600.54 626.575 653.045 694.361 688.202937411095 618.033 660.0775 685.93 715.5775 761.581
0.0017 2.5e-07 0.01 0.1334 0.1 633.471388308977 567.02775 607.1975 634.1175 659.9625 697.81125 692.217405 623.93425 665.37125 691.115 719.10875 758.3475
0.0017 2.5e-07 0.01 0.1334 0.5 637.841995 573.78225 611.90625 638.4125 663.605 703.85975 696.521565 626.62625 667.5725 696.0075 724.18 767.73225
0.0017 2.5e-07 0.5 0.1334 0.001 690.574203539823 615.545 668.92 693.96 718.675 754.755 703.504027777778 641.73625 674.64 702.5375 730.62375 778.14875
0.0017 2.5e-07 0.5 0.1334 0.01 689.258547619048 620.4645 660.53875 690.375 717.9525 757.469 707.868179800222 638.575 677.685 707.05 738.015 775.495
0.0017 2.5e-07 0.5 0.1334 0.1 693.736795 631.016 663.25875 693.4875 718.84125 764.34925 713.76001 648.03825 682.42375 712.3675 742.66875 782.123
0.0017 2.5e-07 0.5 0.1334 0.5 694.190105 632.69175 664.96625 692.2525 721.34375 761.83375 715.620935 646.667 684.5575 715.57 745.0175 789.702
0.0034 2.5e-07 0.01 0 0.001 589.1025 553.90025 575.22125 584.3975 598.27875 630.89175 564.490555555556 526.193 552.47 566.205 583.64 590.71
0.0034 2.5e-07 0.01 0 0.01 582.917794117647 533.774 560.16 583.8175 598.805 629.12525 570.894166666667 523.77625 550.3375 569.8775 594.10375 620.73125
0.0034 2.5e-07 0.01 0 0.1 580.73368705036 529.77375 557.37375 580.6975 599.52125 631.78125 575.847006472492 522.568 556.79 575.55 598.15 624.267
0.0034 2.5e-07 0.01 0 0.5 574.724559834938 522.244 551.3075 575.79 597.145 628.487 575.319875518672 529.309 554.1125 574.805 595.68 625.984
0.0034 2.5e-07 0.5 0 0.001 589.1025 553.90025 575.22125 584.3975 598.27875 630.89175 564.490555555556 526.193 552.47 566.205 583.64 590.71
0.0034 2.5e-07 0.5 0 0.01 582.917794117647 533.774 560.16 583.8175 598.805 629.12525 570.894166666667 523.77625 550.3375 569.8775 594.10375 620.73125
0.0034 2.5e-07 0.5 0 0.1 580.73368705036 529.77375 557.37375 580.6975 599.52125 631.78125 575.847006472492 522.568 556.79 575.55 598.15 624.267
0.0034 2.5e-07 0.5 0 0.5 574.724559834938 522.244 551.3075 575.79 597.145 628.487 575.319875518672 529.309 554.1125 574.805 595.68 625.984
0.0034 2.5e-07 0.01 0.0067 0.001 578.271666666667 521.66625 555.3525 591.7025 609.46375 613.6925 573.843333333333 531.88925 563.29 577.21 589.115 606.315
0.0034 2.5e-07 0.01 0.0067 0.01 581.13578125 537.43025 557.0575 581.0125 602.18875 632.98975 582.431886792453 529.336 558.2 581.985 600.66 656.236
0.0034 2.5e-07 0.01 0.0067 0.1 573.656298701299 527.602 552.44125 572.3625 595.87875 623.785 578.166944444444 530.7125 558.77875 575.825 598.27625 629.00375
0.0034 2.5e-07 0.01 0.0067 0.5 576.503445566779 528.06 555.385 573.605 597.3375 631.025 575.91282631579 523.63325 554.92 576.19 597.6275 626.42125
0.0034 2.5e-07 0.5 0.0067 0.001 572.51 537.304 538.96 583.22 587.415 610.335 564.68625 539.39275 543.70125 555.7375 586.4775 600.97675
0.0034 2.5e-07 0.5 0.0067 0.01 576.811791044776 537.3225 556.6375 576.01 598.02 621.787 577.124157303371 532.059 552.695 578.01 594.19 625.842
0.0034 2.5e-07 0.5 0.0067 0.1 575.711550218341 527.21975 555.32 576.3825 596.4325 621.30125 576.730375 525.09025 556.62125 575.5775 599.555 626.116
0.0034 2.5e-07 0.5 0.0067 0.5 575.203801843318 523.07 553.44625 573.8475 598.03375 627.02675 577.030122080679 523.396 554.2 577.64 597.775 629.0935
0.0034 2.5e-07 0.01 0.01333 0.001 587.267 539.754 554.55 585.115 598.23 649.554 578.481666666667 535.2945 558.7325 583.845 599.8975 612.0445
0.0034 2.5e-07 0.01 0.01333 0.01 580.163431372549 544.6225 560.555 578.34 594.6825 617.5975 578.964026548673 523.293 556.385 579.205 599.845 629.069
0.0034 2.5e-07 0.01 0.01333 0.1 574.775315904139 521.868 553.0175 573.51 595.81 625.3065 579.254557640751 527.59875 558.95625 579.245 599.915 631.1975
0.0034 2.5e-07 0.01 0.01333 0.5 577.33356639839 526.71525 557.4575 577.69 597.705 630.37475 579.554145 527.509 558.83625 579.575 600.6575 631.5725
0.0034 2.5e-07 0.5 0.01333 0.001 580.476666666667 563.421 571.96 572.555 593.39 602.212 580.504285714286 539.09 556.62 581.48 593.91 635.28
0.0034 2.5e-07 0.5 0.01333 0.01 574.94237012987 526.222 556.73625 573.47 593.33375 622.08 575.167864583333 526.50025 553.47625 574.795 594.10625 631.036
0.0034 2.5e-07 0.5 0.01333 0.1 575.732298850575 523.2355 554.85 575.43 597.51 625.6655 578.827531073446 526.199 558.91 577.105 599.73 632.836
0.0034 2.5e-07 0.5 0.01333 0.5 575.727489837398 524.737 552.7375 576.09 598.21 629.30225 578.361649949849 524.729 555.33 578.795 602.295 630.919
0.0034 2.5e-07 0.01 0.02667 0.001 583.312857142857 546.2315 573.58 585.32 592.36 621.065 597.253947368421 558.678 580.145 589.36 602.2875 647.3705
0.0034 2.5e-07 0.01 0.02667 0.01 575.594256756757 533.55 557.64625 578.21 592.97875 619.4225 579.026799065421 525.45725 556.05125 578.5475 602.3575 632.14225
0.0034 2.5e-07 0.01 0.02667 0.1 578.988308943089 526.075 558.5525 579.03 599.4175 636.687 584.318674121406 532.609 563.1425 583.19 605.4775 636.517
0.0034 2.5e-07 0.01 0.02667 0.5 580.72407 527.6275 558.21875 580.8575 602.78875 635.73125 585.601315 528.958 564.615 585.6275 606.415 637.30075
0.0034 2.5e-07 0.5 0.02667 0.001 583.3825 545.76625 568.21125 584.65 598.67375 618.448 586.800333333333 538.78775 563.13875 585.2225 609.35875 631.93525
0.0034 2.5e-07 0.5 0.02667 0.01 584.159219269103 528.61 564.395 587.025 604.415 636.91 584.911761517615 530.497 560.575 583.855 607.535 641.004
0.0034 2.5e-07 0.5 0.02667 0.1 581.708170606372 525.91 559.53 581.785 606.24 636.745 586.692515060241 534.32 565.2825 585.5375 609.2475 640.475
0.0034 2.5e-07 0.5 0.02667 0.5 583.304725 530.10975 561.8775 584.3175 604.83125 632.81325 588.7665 536.33975 567.03625 589.2725 609.2125 641.092
0.0034 2.5e-07 0.01 0.05333 0.001 574.263 519.965 530.705 582.235 597.005 634.673 595.633333333333 537.351 566.535 592.125 611.96 659.797
0.0034 2.5e-07 0.01 0.05333 0.01 578.183982300885 525.501 556.405 578.135 602.265 632.57 591.030103896104 535.609 567.775 592.21 611.98 649.194
0.0034 2.5e-07 0.01 0.05333 0.1 581.014433962264 528.877 557.4825 580.825 602.1925 637.353 599.630435871744 541.73 575.97 599.2125 623.5 656.728
0.0034 2.5e-07 0.01 0.05333 0.5 586.12127 533.08175 564.165 585.1075 607.965 640.59475 598.75187 543.92125 574.63 597.505 622.255 657.2705
0.0034 2.5e-07 0.5 0.05333 0.001 594.400697674419 552.8695 568.99 595.21 612.9025 640.828 597.354520547945 547.288 575.41 590.78 618.725 654.78
0.0034 2.5e-07 0.5 0.05333 0.01 596.264256880734 538.02 569.27 595.54 620.115 657.956 603.82360883797 545.555 578.755 604.85 626.04 664.66
0.0034 2.5e-07 0.5 0.05333 0.1 597.918693693694 545.1665 575.475 597.015 620.17 652.0335 607.5124 550.938 583.61875 607.775 630.44 663.22875
0.0034 2.5e-07 0.5 0.05333 0.5 599.743085 548.7755 576.815 597.805 619.54125 656.12 607.113345 551.373 583.99625 606.6675 628.38875 665.8835
0.0034 2.5e-07 0.01 0.0667 0.001 586.547222222222 532.868 573.085 587.18 603.655 638.625 596.604583333333 550.12675 577.99375 596.1275 620.24125 641.227
0.0034 2.5e-07 0.01 0.0667 0.01 576.849958677686 514.545 555.245 580.48 602.375 630.395 598.312401746725 545.388 573.51875 597.835 619.06 655.78175
0.0034 2.5e-07 0.01 0.0667 0.1 583.318709869203 532.385 560.29 582.215 604.975 639.95 603.09576 544.662 580.22625 603.47 623.5375 662.08
0.0034 2.5e-07 0.01 0.0667 0.5 588.504905 536.299 566.31125 586.535 611.74625 644.44775 608.89128 550.1695 585.88125 608.1525 633.97 667.034
0.0034 2.5e-07 0.5 0.0667 0.001 607.1265 551.14525 587.66375 610.1325 631.11875 648.06025 606.419186046512 553.47 585.35 605.505 630.175 661.425
0.0034 2.5e-07 0.5 0.0667 0.01 602.496525974026 547.40375 578.705 600.025 627.425 659.4725 612.320292439372 555.705 588.37 611.14 635.87 670.695
0.0034 2.5e-07 0.5 0.0667 0.1 604.74363 551.10375 582.80375 604.8325 625.925 660.925 618.269955 566.2235 594.61625 617.325 641.40625 675.15675
0.0034 2.5e-07 0.5 0.0667 0.5 605.65934 547.093 581.99125 606.78 627.94625 664.41575 618.607945 561.3055 595.70375 617.055 640.8575 675.2845
0.0034 2.5e-07 0.01 0.1334 0.001 582.781111111111 554.424 576.785 580.145 588.06 615.51 620.000555555556 545.32 597.555 618.43 644.65 668.8
0.0034 2.5e-07 0.01 0.1334 0.01 583.040052631579 527.61975 561.39375 580.895 604.71375 643.26525 626.213807142857 568.063 602.8 625.4975 648.395 690.1905
0.0034 2.5e-07 0.01 0.1334 0.1 589.57221871714 532.18 564.79 586.585 613.5075 650.36 634.29031 571.86 607.01375 632.4775 660.025 698.3055
0.0034 2.5e-07 0.01 0.1334 0.5 594.655895 538.54125 571.59 593.6225 618.35875 656.13525 638.430345 578.99525 611.75125 637.3875 663.15625 704.47775
0.0034 2.5e-07 0.5 0.1334 0.001 631.861666666667 574.357 608.42 627.08 654.45 697.085 643.132887323944 584.446 613.25 640.065 668.14375 716.97325
0.0034 2.5e-07 0.5 0.1334 0.01 634.152731042654 578.811 607.9525 633.61 657.92875 696.95825 650.535813823857 587.999 625.42 650.3 673.705 713.617
0.0034 2.5e-07 0.5 0.1334 0.1 639.24432 577.90425 613.6725 639.705 663.0075 700.29675 657.212245 594.7095 629.84875 655.9725 683.78125 722.10225
0.0034 2.5e-07 0.5 0.1334 0.5 639.7588 577.97125 615.5525 639.2825 664.93 700.67025 657.99058 597.524 630.45375 657.56 682.15625 723.0325
