m r d s f D_dxy_mean D_dxy_quantile0.05 D_dxy_quantile0.25 D_dxy_quantile0.50 D_dxy_quantile0.75 D_dxy_quantile0.95 HD_dxy_mean HD_dxy_quantile0.05 HD_dxy_quantile0.25 HD_dxy_quantile0.50 HD_dxy_quantile0.75 HD_dxy_quantile0.95
0 2.5e-07 0.01 0 0.001 871.592875 812.246 844.5325 870.5375 898.11 936.826 779.037715 712.594 750.1525 780.065 806.74875 850.9
0 2.5e-07 0.01 0 0.01 870.87693 807.749 844.79375 870.5 895.96625 932.44925 779.58677 707.839 751.6425 777.41 806.43625 853.37675
0 2.5e-07 0.01 0 0.1 870.397295 807.97525 843.16125 870.185 896.82875 937.4045 779.007035 714.30525 752.1625 777.82 805.6125 846.0635
0 2.5e-07 0.01 0 0.5 873.573365 807.74425 846.9225 872.85 899.7575 937.9785 779.650985 713.7285 751.05625 779.7125 807.22 848.6865
0 2.5e-07 0.5 0 0.001 871.592875 812.246 844.5325 870.5375 898.11 936.826 779.037715 712.594 750.1525 780.065 806.74875 850.9
0 2.5e-07 0.5 0 0.01 870.87693 807.749 844.79375 870.5 895.96625 932.44925 779.58677 707.839 751.6425 777.41 806.43625 853.37675
0 2.5e-07 0.5 0 0.1 870.397295 807.97525 843.16125 870.185 896.82875 937.4045 779.007035 714.30525 752.1625 777.82 805.6125 846.0635
0 2.5e-07 0.5 0 0.5 873.573365 807.74425 846.9225 872.85 899.7575 937.9785 779.650985 713.7285 751.05625 779.7125 807.22 848.6865
0 2.5e-07 0.01 0.0067 0.001 871.596105 811.515 844.55 870.4525 898.235 936.58525 779.0896 712.69475 750.00125 780.05 806.555 851.55325
0 2.5e-07 0.01 0.0067 0.01 871.022975 807.945 844.59875 870.485 896.60375 933.68425 779.42282 707.99425 751.43 775.99 806.32125 852.619
0 2.5e-07 0.01 0.0067 0.1 871.549385 805.778 844.8375 869.5975 898.3 937.37375 778.609575 710.22625 751.56875 778.0375 805.41875 849.35475
0 2.5e-07 0.01 0.0067 0.5 872.12892 810.857 847.62875 872.5825 895.99875 932.16425 780.663705 715.03275 753.4925 780.0325 806.84625 848.8115
0 2.5e-07 0.5 0.0067 0.001 871.45126 811.032 844.67875 870.5775 897.8725 936.6015 779.15584 713.22725 750.35625 779.745 806.595 850.9
0 2.5e-07 0.5 0.0067 0.01 870.554415 804.99075 845.2 869.53 895.89125 933.41325 779.039535 710.60925 751.5625 775.945 806.2 850.19625
0 2.5e-07 0.5 0.0067 0.1 871.93074 810.3255 846.46375 871.68 897.51125 934.41425 781.415975 714.70375 752.90875 778.66 810.025 854.45325
0 2.5e-07 0.5 0.0067 0.5 872.34225 809.9735 845.76 869.7675 898.64875 939.70525 780.92766 716.6875 753.14625 778.855 808.94375 847.0395
0 2.5e-07 0.01 0.01333 0.001 871.608295 812.048 844.55 870.5075 897.925 936.58525 779.254585 712.69475 750.00125 779.9225 806.74875 850.9
0 2.5e-07 0.01 0.01333 0.01 871.199985 808.751 845.3275 870.4 896.54125 933.63575 779.68961 710.08 751.46875 777.1525 806.9475 850.14575
0 2.5e-07 0.01 0.01333 0.1 872.42611 806.76825 846.8125 871.13 897.99375 940.8275 778.9059 713.21125 750.80625 778.4175 804.7525 849.77525
0 2.5e-07 0.01 0.01333 0.5 873.12768 803.62875 846.66875 873.7725 898.40625 939.31375 780.782175 713.325 751.8425 779.6625 809.205 850.35875
0 2.5e-07 0.5 0.01333 0.001 871.51859 811.061 844.44125 870.7025 897.59625 936.6015 779.32615 712.594 750.35625 780.1975 806.74875 851.1125
0 2.5e-07 0.5 0.01333 0.01 870.67705 809.5395 844.695 869.915 896.68 934.5015 780.01692 711.73625 753.415 777.9525 806.58375 850.696
0 2.5e-07 0.5 0.01333 0.1 870.394315 807.82975 846.4425 868.9825 895.33125 935.84075 781.158505 716.5465 754.11375 779.9775 807.96 850.68775
0 2.5e-07 0.5 0.01333 0.5 872.256155 807.75425 844.99125 872.4 899.08375 940.75625 780.45388 714.9145 753.4225 779.75 807.65625 845.0085
0 2.5e-07 0.01 0.02667 0.001 871.530085 811.515 844.5325 870.5075 897.755 936.58525 779.10885 712.594 750.1525 778.38 806.74875 851.1125
0 2.5e-07 0.01 0.02667 0.01 870.527905 807.25475 843.0475 869.425 896.785 933.146 779.99468 713.56925 752.1875 777.385 808.4175 851.5275
0 2.5e-07 0.01 0.02667 0.1 871.980295 810.96 844.43 871.4375 896.83375 934.80725 778.5261 711.9755 749.71875 777.895 806.86875 847.048
0 2.5e-07 0.01 0.02667 0.5 872.965645 812.17725 845.92625 873.0175 899.655 936.308 781.72572 714.88175 754.9025 779.93 809.22875 852.42075
0 2.5e-07 0.5 0.02667 0.001 871.22622 809.7375 844.19875 870.8375 897.6 936.5915 779.22874 713.86475 750.1525 779.05 806.71625 850.9
0 2.5e-07 0.5 0.02667 0.01 871.130515 809.227 844.36625 871.0475 896.955 939.58175 779.741125 712.573 752.90125 778.91 806.01 848.65425
0 2.5e-07 0.5 0.02667 0.1 871.423085 808.64225 843.74 871.2475 899.76625 934.05775 780.435745 713.80425 751.72625 778.63 806.61375 854.561
0 2.5e-07 0.5 0.02667 0.5 873.901075 811.867 847.9925 872.22 898.56 941.49175 779.544595 713.595 751.255 779.3175 806.60625 848.2175
0 2.5e-07 0.01 0.05333 0.001 871.615945 811.13275 844.85125 870.5075 897.755 936.03875 779.04452 712.594 749.2975 780.105 806.7075 849.92575
0 2.5e-07 0.01 0.05333 0.01 870.018515 805.0895 844.36 869.46 895.95125 931.6695 780.55825 713.426 754.2675 779.3925 809.1725 849.996
0 2.5e-07 0.01 0.05333 0.1 873.17757 811.158 846.96125 870.54 900.47125 937.9885 780.183185 710.10175 750.2225 779.0725 807.505 851.08375
0 2.5e-07 0.01 0.05333 0.5 872.256015 812.5965 845.195 872.1525 899.1025 938.76175 779.710855 713.37925 752.1625 779.7775 806.1775 845.324
0 2.5e-07 0.5 0.05333 0.001 871.023155 812.29975 844.025 870.52 896.61125 936.58525 779.080035 713.04625 749.44875 778.3275 807.66375 850.07925
0 2.5e-07 0.5 0.05333 0.01 872.617365 808.93825 846.56125 872.345 897.61875 937.52025 779.287955 710.655 749.9675 778.7675 808.54 852.0975
0 2.5e-07 0.5 0.05333 0.1 872.16684 808.661 845.5975 872.085 898.04625 934.059 779.828365 705.27775 750.52125 779.22 809.22875 853.71075
0 2.5e-07 0.5 0.05333 0.5 872.971095 807.4925 846.72125 872.095 898.775 938.8465 779.06039 712.13175 751.86375 778.2275 806.88875 847.15775
0 2.5e-07 0.01 0.0667 0.001 871.64502 811.515 844.67875 870.905 897.86 936.03875 778.81266 712.633 748.79125 779.21 806.65625 849.6195
0 2.5e-07 0.01 0.0667 0.01 870.15612 806.18525 844.79875 869.745 896.65125 931.6695 779.520815 711.88225 749.38125 777.285 811.2175 849.11725
0 2.5e-07 0.01 0.0667 0.1 873.291575 814.81825 847.725 871.205 898.63875 941.5435 780.32057 712.568 752.72 779.2625 807.1875 851.18875
0 2.5e-07 0.01 0.0667 0.5 873.06113 805.16775 846.5725 872.8475 899.67625 937.74025 779.24213 711.40775 749.75375 779.9475 806.71875 849.09875
0 2.5e-07 0.5 0.0667 0.001 871.205225 811.9645 843.93 870.8175 897.2675 936.8105 779.61684 713.24575 749.81625 779.5075 808.11125 851.1125
0 2.5e-07 0.5 0.0667 0.01 871.06221 809.6565 845.46875 868.6125 897.01875 935.3585 779.81365 710.96175 750.735 780.395 808.1675 850.97575
0 2.5e-07 0.5 0.0667 0.1 872.05243 806.714 844.54125 869.9 900.045 940.0915 779.586725 709.9385 751.36125 778.19 809.0675 849.03025
0 2.5e-07 0.5 0.0667 0.5 874.101645 811.93125 847.0325 872.84 901.0125 939.37075 779.50686 715.92325 750.40125 776.345 807.27875 854.93375
0 2.5e-07 0.01 0.1334 0.001 871.450085 811.13275 844.55 870.4525 897.74125 936.03875 778.96951 710.825 749.1625 778.2775 807.37375 849.77525
0 2.5e-07 0.01 0.1334 0.01 870.10666 804.22925 844.2875 870.5625 895.9925 932.4385 780.04438 712.57475 751.17 779.4325 807.62625 849.727
0 2.5e-07 0.01 0.1334 0.1 872.66055 812.58325 846.59125 870.89 897.57 938.9325 781.420905 718.85975 751.555 779.9675 809.465 851.1185
0 2.5e-07 0.01 0.1334 0.5 873.29675 811.9585 846.6375 871.8425 898.7775 941.5825 781.1631 714.46375 753.85 780.4375 808.075 848.747
0 2.5e-07 0.5 0.1334 0.001 871.44535 809.80675 844.5325 871.5475 896.995 936.20525 779.071255 711.02 749.4525 777.275 808.4175 850.43875
0 2.5e-07 0.5 0.1334 0.01 871.34066 807.40725 841.4175 869.7075 898.03375 939.51925 780.37611 710.695 750.2375 778.6 809.91625 853.85
0 2.5e-07 0.5 0.1334 0.1 870.80214 811.52475 842.97875 868.985 896.795 938.303 780.818575 712.95225 749.8025 779.26 810.7725 851.40425
0 2.5e-07 0.5 0.1334 0.5 873.81281 808.85075 846.99125 874.4275 900.43 941.4155 781.1984 717.23675 751.91875 781.6225 809.73 844.56525
0.00034 2.5e-07 0.01 0 0.001 691.140275 633.967 666.1175 689.12 714.68 753.56075 594.79273 527.7785 566.635 594.3875 621.84625 664.886
0.00034 2.5e-07 0.01 0 0.01 690.83382 631.20525 668.535 689.815 713.255 750.87575 597.5428 528.06 568.9375 595.8675 627.2475 665.6295
0.00034 2.5e-07 0.01 0 0.1 691.30909 634.2915 667.065 689.925 714.2125 753.83225 594.76152 526.96525 564.8275 594.89 622.86125 664.652
0.00034 2.5e-07 0.01 0 0.5 692.621565 630.26325 668.25 693.62 716.5525 755.4375 595.265005 528.3995 566.24875 594.8675 622.34 664.93925
0.00034 2.5e-07 0.5 0 0.001 691.140275 633.967 666.1175 689.12 714.68 753.56075 594.79273 527.7785 566.635 594.3875 621.84625 664.886
0.00034 2.5e-07 0.5 0 0.01 690.83382 631.20525 668.535 689.815 713.255 750.87575 597.5428 528.06 568.9375 595.8675 627.2475 665.6295
0.00034 2.5e-07 0.5 0 0.1 691.30909 634.2915 667.065 689.925 714.2125 753.83225 594.76152 526.96525 564.8275 594.89 622.86125 664.652
0.00034 2.5e-07 0.5 0 0.5 692.621565 630.26325 668.25 693.62 716.5525 755.4375 595.265005 528.3995 566.24875 594.8675 622.34 664.93925
0.00034 2.5e-07 0.01 0.0067 0.001 691.26589 634.17675 666.06375 689.365 714.65 753.56075 594.777755 527.7785 566.515 594.005 622.09375 664.90775
0.00034 2.5e-07 0.01 0.0067 0.01 690.9898 631.21425 668.585 690.0025 713.91125 750.1985 598.94563 527.96375 569.71125 598.0175 627.92 669.0015
0.00034 2.5e-07 0.01 0.0067 0.1 694.686215 635.943 669.85375 693.175 718.0125 758.3875 603.939065 529.882 575.61875 602.355 632.15 676.47075
0.00034 2.5e-07 0.01 0.0067 0.5 704.3548 647.05725 678.75125 702.4825 729.5525 766.9255 617.79333 551.70025 586.49875 618.1425 646.0075 688.25225
0.00034 2.5e-07 0.5 0.0067 0.001 691.219745 633.70875 666.0725 689.0675 714.5525 753.18775 594.930695 527.7785 566.72125 594.28 622.675 664.90775
0.00034 2.5e-07 0.5 0.0067 0.01 691.53448 632.7425 667.68 690.365 715.61625 750.7805 600.11718 528.90775 569.59375 599.26 628.5125 675.4255
0.00034 2.5e-07 0.5 0.0067 0.1 698.841025 639.72975 673.12875 697.2375 724.19125 761.391 608.44529 539.60475 576.4675 607.985 637.7225 678.65425
0.00034 2.5e-07 0.5 0.0067 0.5 706.091395 643.681 679.1975 705.1875 733.29125 769.5815 619.26503 548.2255 590.15875 618.37 647.49 691.38725
0.00034 2.5e-07 0.01 0.01333 0.001 691.20405 634.17675 666.17875 689.48 714.62125 753.18775 594.99054 527.7785 566.355 595.5625 622.215 664.90775
0.00034 2.5e-07 0.01 0.01333 0.01 691.5006 633.8675 668.5425 690.1 714.49375 749.187 602.111 528.865 571.70125 600.6975 630.99875 680.3855
0.00034 2.5e-07 0.01 0.01333 0.1 700.145465 639.02975 673.2275 697.52 727.23125 765.82025 621.581875 547.45575 589.1525 621.705 653.42875 699.68525
0.00034 2.5e-07 0.01 0.01333 0.5 713.3046 650.2835 686.61 713.0675 738.215 779.11 634.849245 564.90625 604.2225 632.0025 663.6975 707.374
0.00034 2.5e-07 0.5 0.01333 0.001 691.497415 634.18475 666.39125 688.9475 715.705 754.24575 595.12777 527.7785 567.065 595.3025 622.215 665.72625
0.00034 2.5e-07 0.5 0.01333 0.01 695.10608 635.02075 672.43875 694.0775 719.6925 755.874 604.23769 529.639 571.165 602.705 635.97125 680.97825
0.00034 2.5e-07 0.5 0.01333 0.1 711.45797 650.8995 685.6025 712.0425 736.54625 776.827 630.33941 555.6045 600.475 629.4675 661.6775 705.3305
0.00034 2.5e-07 0.5 0.01333 0.5 716.76952 651.3595 690.3 715.5625 741.45875 786.02325 637.159645 568.94 608.87125 636.19 662.8975 709.35275
0.00034 2.5e-07 0.01 0.02667 0.001 691.56998 634.17675 666.38125 689.48 714.90375 754.49675 595.787975 527.7785 566.72125 595.2125 622.37875 667.643
0.00034 2.5e-07 0.01 0.02667 0.01 693.02423 633.0345 669.76 691.2875 716.595 755.61675 610.57114 533.95975 575.5025 609.0825 643.785 697.582
0.00034 2.5e-07 0.01 0.02667 0.1 711.958315 643.187 684.71625 711.4625 739.13625 780.96575 648.00481 568.36225 613.98875 647.0775 682.675 727.8105
0.00034 2.5e-07 0.01 0.02667 0.5 725.525455 666.37275 700.46875 723.6275 750.7125 784.6435 659.967605 589.073 630.405 658.5425 689.7175 732.20325
0.00034 2.5e-07 0.5 0.02667 0.001 692.001315 634.17675 666.5825 689.35 715.70625 755.11475 596.64688 529.30975 567.3275 596.2475 623.7025 668.127
0.00034 2.5e-07 0.5 0.02667 0.01 704.478415 637.39925 676.995 702.46 731.285 777.57475 619.14931 533.6195 580.045 614.4225 653.40375 715.187
0.00034 2.5e-07 0.5 0.02667 0.1 733.335735 670.986 707.065 731.78 758.0725 802.8225 658.92137 581.2485 626.42875 657.7325 690.7925 736.7115
0.00034 2.5e-07 0.5 0.02667 0.5 736.25922 676.28125 710.5975 734.3 760.16375 802.662 663.692535 595.47825 635.02375 661.8575 692.8625 734.07775
0.00034 2.5e-07 0.01 0.05333 0.001 691.574385 634.17675 666.95625 689.5825 715.5275 754.24575 597.82804 529.50975 568.13625 596.22 624.38375 675.00625
0.00034 2.5e-07 0.01 0.05333 0.01 695.74662 634.9715 671.42 694.23 720.5075 760.2925 626.531775 537.3215 581.41125 620.8675 668.91625 730.531
0.00034 2.5e-07 0.01 0.05333 0.1 730.86888 659.1835 701.15125 730.4925 759.93 803.7855 682.67484 605.945 650.92125 682.52 712.42875 765.35275
0.00034 2.5e-07 0.01 0.05333 0.5 739.09248 675.21625 712.34 737.7575 767.15375 805.491 686.07242 615.3675 655.31375 686.2025 715.75625 759.1505
0.00034 2.5e-07 0.5 0.05333 0.001 694.68586 634.20875 667.59375 690.075 718.81625 765.69575 600.42845 528.5155 568.15625 597.15 626.3825 688.72625
0.00034 2.5e-07 0.5 0.05333 0.01 726.52099 643.5825 689.84375 725.005 763.0375 812.1535 647.083535 541.818 594.21125 646.1275 696.63 753.12925
0.00034 2.5e-07 0.5 0.05333 0.1 759.75573 694.337 734.53875 758.51 785.0525 827.37 690.676375 615.8515 658.065 688.3575 721.25875 769.9465
0.00034 2.5e-07 0.5 0.05333 0.5 758.716215 693.565 731.125 757.6375 784.76875 826.0605 692.43597 616.85175 661.4725 691.52 722.2875 771.82925
0.00034 2.5e-07 0.01 0.0667 0.001 691.713515 634.19925 666.97125 689.64 715.59875 754.24575 598.45397 528.921 568.11 596.7 625.1025 677.20075
0.00034 2.5e-07 0.01 0.0667 0.01 697.525805 636.12675 671.2275 694.8725 722.8975 767.746 636.046315 539.649 586.04875 629.9975 684.515 744.8005
0.00034 2.5e-07 0.01 0.0667 0.1 737.05083 669.05025 708.77125 736.605 765.68125 803.88575 693.326055 610.40975 663.07375 693.51 724.935 774.7765
0.00034 2.5e-07 0.01 0.0667 0.5 747.752 682.42825 717.10875 747.2 776.04875 819.1155 695.551775 623.48525 663.7975 696.3025 725.24625 770.531
0.00034 2.5e-07 0.5 0.0667 0.001 695.89381 634.183 667.9 690.7675 720.68625 769.1965 601.224375 527.9535 568.035 598.995 628.0775 688.6435
0.00034 2.5e-07 0.5 0.0667 0.01 736.58138 647.7165 697.04125 737.755 774.75375 824.245 657.710375 547.72675 605.12625 659.7675 708.3725 768.753
0.00034 2.5e-07 0.5 0.0667 0.1 768.71274 702.2125 741.40125 767.07 796.8475 838.61825 700.636405 625.6155 666.8475 699.7075 734.65125 778.8775
0.00034 2.5e-07 0.5 0.0667 0.5 770.757065 708.07475 743.61625 770.9025 797.7925 835.5625 699.7684 625.78725 668.40375 698.485 728.80875 778.171
0.00034 2.5e-07 0.01 0.1334 0.001 691.957855 634.018 666.62625 689.365 715.7175 755.11325 602.93091 528.8545 568.1825 599.2725 628.21625 706.41925
0.00034 2.5e-07 0.01 0.1334 0.01 701.886815 636.443 673.34875 698.5175 726.59 782.69925 671.52306 545.18175 606.56 683.0425 728.945 789.27275
0.00034 2.5e-07 0.01 0.1334 0.1 757.78465 686.29325 729.05875 757.535 785.21625 831.83175 722.09178 648.078 691.18875 719.22 752.1325 803.5985
0.00034 2.5e-07 0.01 0.1334 0.5 760.955365 697.3525 734.095 761.195 784.92375 827.05775 721.89898 646.31775 690.37625 722.7625 751.23 800.291
0.00034 2.5e-07 0.5 0.1334 0.001 703.82812 635.619 668.71875 694.515 730.0725 802.11175 611.809895 529.25775 570.69125 601.595 636.5425 748.32625
0.00034 2.5e-07 0.5 0.1334 0.01 778.15063 661.95575 746.055 787.27 818.44375 857.2535 704.911805 572.317 673.49125 715.3675 748.62625 802.87175
0.00034 2.5e-07 0.5 0.1334 0.1 795.09896 725.36175 766.97625 794.7075 822.765 863.1585 729.733905 653.698 700.31 728.14 759.46625 803.2485
0.00034 2.5e-07 0.5 0.1334 0.5 798.127095 729.8895 770.925 797.46 823.55 868.73625 730.800715 658.2965 700.72875 729.595 760.72875 805.9035
0.0017 2.5e-07 0.01 0 0.001 590.787065 544.9215 572.06625 591.0075 609.23 639.1435 486.784665 435.78275 467.77125 486.8025 505.52125 537.1505
0.0017 2.5e-07 0.01 0 0.01 590.28412 541.1725 572.4425 590.7125 609.32625 635.67 489.2361 438.634 468.8525 488.9375 509.0475 539.84175
0.0017 2.5e-07 0.01 0 0.1 592.13872 549.424 573.16625 591.465 611.22625 641.572 486.91222 436.316 465.93125 487.49 506.745 538.0625
0.0017 2.5e-07 0.01 0 0.5 590.89149 547.706 572.52375 590.215 608.83125 637.63175 487.435755 439.72825 466.3525 487.0125 507.40875 537.149
0.0017 2.5e-07 0.5 0 0.001 590.787065 544.9215 572.06625 591.0075 609.23 639.1435 486.784665 435.78275 467.77125 486.8025 505.52125 537.1505
0.0017 2.5e-07 0.5 0 0.01 590.28412 541.1725 572.4425 590.7125 609.32625 635.67 489.2361 438.634 468.8525 488.9375 509.0475 539.84175
0.0017 2.5e-07 0.5 0 0.1 592.13872 549.424 573.16625 591.465 611.22625 641.572 486.91222 436.316 465.93125 487.49 506.745 538.0625
0.0017 2.5e-07 0.5 0 0.5 590.89149 547.706 572.52375 590.215 608.83125 637.63175 487.435755 439.72825 466.3525 487.0125 507.40875 537.149
0.0017 2.5e-07 0.01 0.0067 0.001 590.91535 544.9775 571.975 591.1 609.72875 639.045 486.72184 437.278 467.68875 486.715 505.67625 537.18
0.0017 2.5e-07 0.01 0.0067 0.01 590.41872 541.93875 571.6075 590.875 609.615 635.61125 489.712595 439.73825 470.0775 489.4125 509.58125 541.43275
0.0017 2.5e-07 0.01 0.0067 0.1 592.356545 548.35075 572.93625 590.94 611.62875 641.3935 490.32217 439.69725 470.405 490.6475 508.67375 538.67725
0.0017 2.5e-07 0.01 0.0067 0.5 595.40616 548.7485 577.18875 594.9125 613.71875 640.73775 494.08493 445.9725 472.435 493.8375 514.29875 545.5355
0.0017 2.5e-07 0.5 0.0067 0.001 590.895915 545.139 572.0775 590.835 609.05125 639.0815 487.041695 437.19675 468.125 486.83 505.52125 536.9035
0.0017 2.5e-07 0.5 0.0067 0.01 591.13721 541.19975 573.1075 590.935 610.7125 638.57625 489.821945 439.75925 469.10125 489.7475 510.04375 541.51825
0.0017 2.5e-07 0.5 0.0067 0.1 593.40355 551.3275 573.28125 591.9025 611.69375 640.21275 490.991075 438.94925 469.28375 491.4625 510.175 541.37675
0.0017 2.5e-07 0.5 0.0067 0.5 594.47605 550.30375 575.6925 594.6475 612.325 639.718 493.271925 444.89925 472.68125 492.38 514.75875 548.109
0.0017 2.5e-07 0.01 0.01333 0.001 590.862925 544.9775 572.11875 591.0075 609.12875 639.045 486.97426 437.2705 467.75 486.79 505.52125 537.205
0.0017 2.5e-07 0.01 0.01333 0.01 590.60611 540.49475 571.97375 590.6625 609.615 635.64225 490.69962 440.42275 470.545 490.0725 511.55375 541.55425
0.0017 2.5e-07 0.01 0.01333 0.1 593.497825 547.82925 573.375 593.0975 611.91625 643.13925 496.53656 445.622 473.1475 496.2175 518.04875 551.84725
0.0017 2.5e-07 0.01 0.01333 0.5 599.090315 555.19925 580.15625 599.5075 616.525 645.105 502.53311 451.9975 481.78375 502.0675 523.42125 553.67325
0.0017 2.5e-07 0.5 0.01333 0.001 590.904735 545.701 572.3275 591.3825 608.3775 638.69075 486.95898 436.0155 468.23875 486.7225 505.76 536.6075
0.0017 2.5e-07 0.5 0.01333 0.01 592.123795 546.06525 574.065 592.7075 610.4825 638.36825 492.887975 439.60975 471.86375 492.2425 513.79 546.815
0.0017 2.5e-07 0.5 0.01333 0.1 598.03013 551.56325 578.31875 598.0875 617.935 644.506 500.23129 451.78525 480.15625 499.145 520.2 550.1755
0.0017 2.5e-07 0.5 0.01333 0.5 599.31375 553.82925 579.79125 598.405 619.685 646.277 504.2925 452.41175 483.8925 502.685 524.605 559.38175
0.0017 2.5e-07 0.01 0.02667 0.001 590.873605 544.75675 572.11875 590.92 609.465 639.045 487.28711 437.28 468.3525 486.85 506.64375 537.946
0.0017 2.5e-07 0.01 0.02667 0.01 591.302465 542.08275 572.91 590.895 610.4675 639.4565 495.751425 440.72525 474.01125 494.8925 516.95875 553.557
0.0017 2.5e-07 0.01 0.02667 0.1 599.833065 551.77475 578.3375 599.4475 620.64875 647.6535 513.74012 457.3625 491.0975 513.455 535.915 570.65075
0.0017 2.5e-07 0.01 0.02667 0.5 604.47135 558.06425 583.93 604.0875 624.70625 658.1475 520.901455 466.1975 498.5425 520.0425 541.78875 577.92775
0.0017 2.5e-07 0.5 0.02667 0.001 591.21591 544.91825 572.045 591.7675 609.9175 639.88425 487.95853 435.8255 469.0425 487.15 507.3725 539.00875
0.0017 2.5e-07 0.5 0.02667 0.01 595.983115 545.2615 577.92125 596.4125 615.82875 643.75325 501.406825 442.50825 476.78625 501.185 524.4475 562.17225
0.0017 2.5e-07 0.5 0.02667 0.1 610.142635 563.3195 588.08375 609.8375 631.6425 661.087 523.04976 468.2215 498.96875 523.6675 546.91 576.75075
0.0017 2.5e-07 0.5 0.02667 0.5 611.395125 565.246 591.94875 610.305 631.88 659.4335 524.521815 470.00625 502.8425 522.9425 546.1725 583.29875
0.0017 2.5e-07 0.01 0.05333 0.001 590.8969 544.6945 572.15625 590.92 609.5325 639.1435 488.30924 437.7855 468.5 487.515 507.77875 539.85325
0.0017 2.5e-07 0.01 0.05333 0.01 592.184185 543.97925 573.95125 590.46 612.155 641.02425 506.72499 443.61975 478.2275 502.695 533.14125 580.1735
0.0017 2.5e-07 0.01 0.05333 0.1 607.364575 557.76425 584.58125 607.1575 628.0875 659.19525 544.02856 483.946 518.70375 543.4425 567.86125 605.43675
0.0017 2.5e-07 0.01 0.05333 0.5 611.81431 560.41075 591.61875 612.38 633.4325 659.89325 545.40085 488.52425 520.14 545.6625 569.2225 603.79
0.0017 2.5e-07 0.5 0.05333 0.001 592.99615 545.787 572.19875 593.17 611.295 644.013 490.07157 438.455 468.94875 488.23 509.75625 547.3325
0.0017 2.5e-07 0.5 0.05333 0.01 610.16247 553.07625 585.9825 611.215 633.10625 667.64025 524.018 447.63825 487.305 520.305 560.2825 605.782
0.0017 2.5e-07 0.5 0.05333 0.1 629.40185 579.38975 608.0875 629.735 649.06 682.4195 555.72322 500.01225 530.9425 554.62 580.07625 611.7715
0.0017 2.5e-07 0.5 0.05333 0.5 629.383935 581.9635 608.5925 627.18 648.84875 680.748 558.193605 501.34925 532.70125 555.415 582.13 622.394
0.0017 2.5e-07 0.01 0.0667 0.001 590.979195 544.6925 572.15625 591.1075 609.4625 639.88425 488.833135 437.9705 468.755 487.9125 508.14375 541.565
0.0017 2.5e-07 0.01 0.0667 0.01 593.34364 544.89675 574.22625 593.3575 613.0275 642.604 514.89199 445.5865 481.31125 509.8275 544.66875 596.311
0.0017 2.5e-07 0.01 0.0667 0.1 608.65715 560.08325 585.96125 606.1425 631.0775 660.78975 554.121225 494.3415 529.5625 554.135 577.06 613.61375
0.0017 2.5e-07 0.01 0.0667 0.5 615.57933 566.208 595.76125 615.265 635.055 664.55275 558.78566 501.49175 533.50875 557.445 582.45 620.911
0.0017 2.5e-07 0.5 0.0667 0.001 593.654155 545.22125 572.48875 593.22 612.41875 645.71075 491.910365 438.094 469.3625 488.6525 511.17125 555.77125
0.0017 2.5e-07 0.5 0.0667 0.01 618.106595 556.66875 592.505 618.5925 644.19375 678.46625 536.560395 452.52575 496.47125 534.725 575.855 625.4655
0.0017 2.5e-07 0.5 0.0667 0.1 638.9535 589.755 617.85875 638.15 658.88 691.96075 569.20127 509.89925 545.67125 568.2975 594.35375 629.74625
0.0017 2.5e-07 0.5 0.0667 0.5 639.34079 590.16075 618.4125 638.51 659.27 690.63225 571.939085 516.1975 546.32875 571.8325 595.41625 635.82175
0.0017 2.5e-07 0.01 0.1334 0.001 591.24192 544.9775 572.08125 591.2825 610.22625 640.28675 494.68848 438.1415 469.47625 488.04 512.11 580.1735
0.0017 2.5e-07 0.01 0.1334 0.01 595.21238 545.19125 574.315 595.13 615.6925 647.8435 552.393845 450.79725 499.26125 558.9425 601.49 649.587
0.0017 2.5e-07 0.01 0.1334 0.1 620.818905 565.4415 597.7075 621.9725 643.765 674.45875 596.9321 529.97525 569.70625 594.57 623.595 669.77425
0.0017 2.5e-07 0.01 0.1334 0.5 625.010975 572.095 601.7925 624.1225 647.39875 680.69075 600.04764 533.95225 571.4875 598.495 627.1775 668.0355
0.0017 2.5e-07 0.5 0.1334 0.001 600.491795 546.7285 574.53625 595.9575 619.33 674.13275 501.82628 439.50925 470.7175 489.7675 518.32625 623.12425
0.0017 2.5e-07 0.5 0.1334 0.01 655.90533 570.67225 630.48125 658.6725 687.69 724.9605 594.14887 474.6985 563.285 603.225 636.2775 680.67175
0.0017 2.5e-07 0.5 0.1334 0.1 673.260575 619.35325 650.60375 673.485 695.63875 729.447 616.516125 551.375 587.97 614.615 643.8275 687.42325
0.0017 2.5e-07 0.5 0.1334 0.5 674.62276 619.445 651.4525 674.0975 696.28 730.5535 618.075145 549.70725 589.85625 617.8875 645.57375 687.76725
0.0034 2.5e-07 0.01 0 0.001 572.60653 527.62325 555.92375 572.98 590.8525 614.3305 466.170155 417.22975 447.4625 466.5975 486.64375 513.799
0.0034 2.5e-07 0.01 0 0.01 574.37679 530.209 556.955 575.475 591.26125 618.324 466.313745 419.80875 447.0475 465.805 485.17 513.20125
0.0034 2.5e-07 0.01 0 0.1 574.48969 530.49825 556.785 573.825 591.1975 618.99825 467.397925 421.54 447.75875 465.8025 486.935 514.9575
0.0034 2.5e-07 0.01 0 0.5 573.80045 532.20325 554.6125 573.64 592.4025 616.7665 467.91186 418.431 447.49125 467.375 488.73375 515.93125
0.0034 2.5e-07 0.5 0 0.001 572.60653 527.62325 555.92375 572.98 590.8525 614.3305 466.170155 417.22975 447.4625 466.5975 486.64375 513.799
0.0034 2.5e-07 0.5 0 0.01 574.37679 530.209 556.955 575.475 591.26125 618.324 466.313745 419.80875 447.0475 465.805 485.17 513.20125
0.0034 2.5e-07 0.5 0 0.1 574.48969 530.49825 556.785 573.825 591.1975 618.99825 467.397925 421.54 447.75875 465.8025 486.935 514.9575
0.0034 2.5e-07 0.5 0 0.5 573.80045 532.20325 554.6125 573.64 592.4025 616.7665 467.91186 418.431 447.49125 467.375 488.73375 515.93125
0.0034 2.5e-07 0.01 0.0067 0.001 572.54208 527.62325 555.4575 572.82 590.64125 614.3305 466.222405 417.3105 447.445 466.465 486.68 512.9825
0.0034 2.5e-07 0.01 0.0067 0.01 574.20841 529.473 556.53125 574.465 590.98125 619.5215 466.619985 420.03325 447.6475 466.2225 485.8025 514.505
0.0034 2.5e-07 0.01 0.0067 0.1 574.74021 533.18275 557.86625 574.2 591.8575 619.25625 468.17195 421.0285 448.97875 467.3675 486.47875 517.44625
0.0034 2.5e-07 0.01 0.0067 0.5 574.60643 529.3895 555.92 575.0275 592.97375 619.1685 467.73719 420.843 447.83 467.445 487.245 515.286
0.0034 2.5e-07 0.5 0.0067 0.001 572.67351 528.8835 555.59 572.6775 590.8525 615.1015 466.089295 417.3105 447.29375 466.2975 485.97625 512.9825
0.0034 2.5e-07 0.5 0.0067 0.01 574.21806 530.389 556.68875 574.1575 591.38625 618.898 467.115955 420.2195 447.9725 466.6075 485.975 516.09075
0.0034 2.5e-07 0.5 0.0067 0.1 575.01807 529.592 558.58375 575.1375 593.275 616.3755 468.722565 420.109 448.3125 468.025 488.27125 517.98075
0.0034 2.5e-07 0.5 0.0067 0.5 575.3224 533.49275 555.71875 575.82 594.00125 618.51525 468.466035 423.627 448.9725 468.2525 488.57625 514.8865
0.0034 2.5e-07 0.01 0.01333 0.001 572.741775 527.98625 555.94 572.98 590.98375 615.0095 466.291705 417.3105 447.53375 466.465 486.94875 513.51525
0.0034 2.5e-07 0.01 0.01333 0.01 574.2329 529.80175 556.22 574.6825 591.3275 619.5005 467.12342 419.781 447.36875 466.035 486.365 518.2185
0.0034 2.5e-07 0.01 0.01333 0.1 575.163835 531.9925 558.495 575.0275 592.8275 619.123 470.087405 421.40375 449.9725 469.2175 490.69875 518.679
0.0034 2.5e-07 0.01 0.01333 0.5 576.81186 531.44925 558.38125 578.23 593.88375 621.595 472.76714 424.835 453.38875 472.725 491.69375 520.9185
0.0034 2.5e-07 0.5 0.01333 0.001 572.75309 529.18975 555.5375 572.9075 590.76875 615.1015 466.113155 417.38175 447.1375 466.465 486.06 514.32625
0.0034 2.5e-07 0.5 0.01333 0.01 574.495315 528.436 556.255 575.4525 592.42625 617.8575 468.097475 422.61525 448.1625 467.0325 487.66375 518.6065
0.0034 2.5e-07 0.5 0.01333 0.1 575.582395 531.59275 555.01625 576.0675 595.25375 618.92675 471.902775 424.45075 452.12 471.175 491.705 521.60025
0.0034 2.5e-07 0.5 0.01333 0.5 575.675355 531.2405 557.25625 575.815 593.6225 619.8085 472.78503 425.82025 452.56625 471.84 492.80625 523.48075
0.0034 2.5e-07 0.01 0.02667 0.001 572.60102 527.98625 555.75875 572.98 590.64125 613.877 466.24728 417.3105 447.18125 466.45 486.64375 513.742
0.0034 2.5e-07 0.01 0.02667 0.01 574.558785 530.4425 557.1 575.8875 592.0425 619.5155 469.1042 421.163 449.18875 468.4175 488.48875 515.2805
0.0034 2.5e-07 0.01 0.02667 0.1 575.463945 531.047 557.18875 575.045 592.43625 622.02225 479.310835 428.79225 458.40375 479.0925 500.8875 528.755
0.0034 2.5e-07 0.01 0.02667 0.5 578.427625 534.332 560.03625 578.605 596.91625 622.84625 482.15835 432.92825 461.96125 482.11 501.15125 531.134
0.0034 2.5e-07 0.5 0.02667 0.001 572.805325 528.195 555.0375 573.54 590.99 615.23625 466.355275 418.211 447.2225 466.465 486.0975 514.65925
0.0034 2.5e-07 0.5 0.02667 0.01 576.166145 529.154 558.8575 576.3925 593.8325 620.89 472.47881 426.3485 451.30875 471.4225 493.005 522.724
0.0034 2.5e-07 0.5 0.02667 0.1 580.18217 537.6205 562.60375 579.8175 597.62 626.4055 482.5809 433.66475 463.0025 481.5425 501.8125 533.4355
0.0034 2.5e-07 0.5 0.02667 0.5 581.4774 538.21825 562.34375 581.425 599.70875 627.25375 483.783575 435.9065 464.8925 483.3975 503.185 531.8245
0.0034 2.5e-07 0.01 0.05333 0.001 572.57864 527.4615 555.75875 573.235 590.27625 615.0095 466.961705 417.12125 447.54375 467.1825 487.60625 514.6735
0.0034 2.5e-07 0.01 0.05333 0.01 574.599705 530.45925 556.9 574.5 591.89 620.977 475.379455 425.39075 453.55125 472.94 497.00625 529.53475
0.0034 2.5e-07 0.01 0.05333 0.1 578.81534 532.92325 558.705 577.3225 598.85625 628.56725 496.70551 442.30475 476.14 497.47 517.30625 548.257
0.0034 2.5e-07 0.01 0.05333 0.5 583.05551 532.73575 563.56875 584.1375 603.39125 629.03375 498.51292 447.68575 475.70375 496.255 520.6375 549.60275
0.0034 2.5e-07 0.5 0.05333 0.001 573.4629 527.58975 556.225 573.41 591.02125 617.12125 468.19607 417.8925 448.0275 467.895 488.60375 519.25575
0.0034 2.5e-07 0.5 0.05333 0.01 582.00124 535.511 563.155 581.86 600.7475 630.14225 485.650135 430.278 459.5275 484.28 510.99875 545.952
0.0034 2.5e-07 0.5 0.05333 0.1 590.56906 543.942 572.44375 591.1175 609.395 636.57775 506.375355 452.51375 484.4725 506.3925 528.0925 558.79725
0.0034 2.5e-07 0.5 0.05333 0.5 592.685735 547.30825 572.8925 593.0075 610.94125 640.51175 507.57705 453.9375 485.7025 506.685 529.46375 560.92125
0.0034 2.5e-07 0.01 0.0667 0.001 572.54517 527.98625 555.92375 572.98 590.6325 613.877 467.231755 417.49575 447.445 467.49 487.965 514.677
0.0034 2.5e-07 0.01 0.0667 0.01 575.287325 530.52175 558.09625 575.0925 592.11875 619.637 480.75719 428.01375 456.4 478.6325 502.98375 542.55375
0.0034 2.5e-07 0.01 0.0667 0.1 580.25785 533.43775 560.3 580.775 598.97375 629.2965 505.76365 453.878 483.39125 505.52 526.945 558.68825
0.0034 2.5e-07 0.01 0.0667 0.5 582.024965 535.6515 563.31625 582.2875 600.8925 627.7615 505.55639 455.7825 483.2675 504.19 528.00375 558.203
0.0034 2.5e-07 0.5 0.0667 0.001 573.72512 528.3095 556.3675 574.125 591.17375 617.957 468.68355 418.18175 448.0475 468.3375 488.71625 521.1535
0.0034 2.5e-07 0.5 0.0667 0.01 586.058275 538.79425 565.7 585.9075 605.9225 633.941 493.973845 432.24875 467.37 495.2325 520.01 556.72575
0.0034 2.5e-07 0.5 0.0667 0.1 596.583895 551.2625 576.48375 596.8625 614.87625 643.7935 515.243885 463.1185 494.43625 515.485 536.13625 567.678
0.0034 2.5e-07 0.5 0.0667 0.5 597.58084 549.60375 579.01125 597.0725 616.9975 646.2135 519.10043 467.814 496.61 518.4925 539.515 575.303
0.0034 2.5e-07 0.01 0.1334 0.001 572.7214 527.494 556.06625 573.0875 590.64875 615.23675 470.559985 417.947 448.48375 468.8925 491.01 527.97625
0.0034 2.5e-07 0.01 0.1334 0.01 574.729305 529.29 556.70375 574.935 593.23125 621.30025 506.41993 437.5235 471.43625 506.15 537.8025 584.8925
0.0034 2.5e-07 0.01 0.1334 0.1 582.54006 533.69525 563.25125 582.4175 602.86 631.6615 539.233645 479.41625 515.5375 538.8825 564.73625 596.4385
0.0034 2.5e-07 0.01 0.1334 0.5 586.34975 537.485 565.26625 585.9725 607.81875 637.08 538.15664 478.009 514.46125 539.1725 560.20375 600.557
0.0034 2.5e-07 0.5 0.1334 0.001 577.58781 529.48025 558.06625 576.4375 595.99125 627.0705 476.253145 418.51375 449.8325 471.3425 496.21375 561.3935
0.0034 2.5e-07 0.5 0.1334 0.01 610.7818 551.21375 587.9375 612.0175 634.38625 664.50075 538.570895 447.34175 510.32375 544.86 570.26125 607.21525
0.0034 2.5e-07 0.5 0.1334 0.1 622.29052 572.24075 600.62375 621.735 642.8625 673.7515 557.67462 499.726 531.85875 556.7575 581.93125 619.1275
0.0034 2.5e-07 0.5 0.1334 0.5 624.380185 577.18075 603.24 622.5375 645.4425 677.0255 560.05583 500.12575 534.07625 560.3775 584.47 622.89975
