m r d s f D_dxy_mean D_dxy_quantile0.05 D_dxy_quantile0.25 D_dxy_quantile0.50 D_dxy_quantile0.75 D_dxy_quantile0.95 HD_dxy_mean HD_dxy_quantile0.05 HD_dxy_quantile0.25 HD_dxy_quantile0.50 HD_dxy_quantile0.75 HD_dxy_quantile0.95
0 2.5e-07 0.01 0 0.001 868.521365 797.69925 838.02625 867.475 896.58 939.25625 875.043315 805.93425 842.6 873.11 905.2925 949.73425
0 2.5e-07 0.01 0 0.01 869.87272 797.894 839.94875 869.565 902.57125 940.31575 872.741875 797.02175 840.4425 871.495 904.7875 947.311
0 2.5e-07 0.01 0 0.1 870.780205 798.79325 839.06625 870.0475 900.30375 947.414 871.465335 800.03325 840.7975 869.2275 898.5225 946.3825
0 2.5e-07 0.01 0 0.5 868.978235 797.38825 838.72625 869.525 898.32 939.43975 872.808595 797.10275 841.9025 872.635 903.38 948.39225
0 2.5e-07 0.5 0 0.001 868.521365 797.69925 838.02625 867.475 896.58 939.25625 875.043315 805.93425 842.6 873.11 905.2925 949.73425
0 2.5e-07 0.5 0 0.01 869.87272 797.894 839.94875 869.565 902.57125 940.31575 872.741875 797.02175 840.4425 871.495 904.7875 947.311
0 2.5e-07 0.5 0 0.1 870.780205 798.79325 839.06625 870.0475 900.30375 947.414 871.465335 800.03325 840.7975 869.2275 898.5225 946.3825
0 2.5e-07 0.5 0 0.5 868.978235 797.38825 838.72625 869.525 898.32 939.43975 872.808595 797.10275 841.9025 872.635 903.38 948.39225
0 2.5e-07 0.01 0.0067 0.001 868.43227 797.69925 837.9875 866.935 896.67 939.4795 875.02975 805.242 843.81 873.0925 905.5525 949.3295
0 2.5e-07 0.01 0.0067 0.01 869.35646 797.062 839.7325 869.1875 901.24625 940.517 873.284245 798.4145 842.15875 872.135 905.05125 949.86
0 2.5e-07 0.01 0.0067 0.1 871.684625 795.16925 840.37875 871.385 901.355 949.86275 874.13634 802.23275 842.36875 872.975 904.765 950.15575
0 2.5e-07 0.01 0.0067 0.5 871.07641 798.8645 840.57875 870.175 899.0375 950.77125 873.410875 798.606 842.27125 873.7875 902.7 947.28125
0 2.5e-07 0.5 0.0067 0.001 868.469965 798.00625 838.2125 866.865 896.8625 938.42325 875.06159 806.31425 843.315 873.0125 905.2725 950.42075
0 2.5e-07 0.5 0.0067 0.01 869.549435 798.5325 841.7425 868.385 900.645 939.47275 872.76678 796.559 841.91375 871.06 905.54125 947.08975
0 2.5e-07 0.5 0.0067 0.1 872.1189 797.095 841.5775 871.9925 901.9775 948.84225 873.509135 799.02925 842.5 871.6975 903.1925 956.49225
0 2.5e-07 0.5 0.0067 0.5 870.809755 804.24475 841.05375 870.29 899.34125 945.111 874.83765 800.5595 843.07375 874.075 905.7 953.32275
0 2.5e-07 0.01 0.01333 0.001 868.539475 796.828 837.9875 867.475 896.67 939.4795 874.964395 806.77925 843.81 872.675 905.33625 949.73425
0 2.5e-07 0.01 0.01333 0.01 869.45133 795.353 839.23375 870.145 902.0675 939.454 872.30469 797.423 841.2725 870.7475 904.08 953.403
0 2.5e-07 0.01 0.01333 0.1 872.37605 792.91775 841.0625 872.03 904.07125 945.28875 873.691205 795.276 844.005 873.49 903.48875 953.8
0 2.5e-07 0.01 0.01333 0.5 872.099665 801.5075 841.24125 869.315 902.87125 947.156 874.951255 805.4855 844.16625 874.49 902.49875 950.72375
0 2.5e-07 0.5 0.01333 0.001 868.51758 796.8535 838.2125 866.935 896.71125 941.4685 875.175535 806.7535 844.13875 872.3425 905.22125 949.73425
0 2.5e-07 0.5 0.01333 0.01 869.929505 793.19975 841.08375 869.45 899.085 941.87925 873.133765 798.21925 844.37 871.305 904.18875 951.19825
0 2.5e-07 0.5 0.01333 0.1 870.7531 792.6355 838.605 871.875 899.495 950.63775 872.901245 799.66625 840.98 873.285 902.35875 951.385
0 2.5e-07 0.5 0.01333 0.5 871.13133 802.9145 842.59375 870.4225 897.9625 942.94125 874.097855 799.5535 843.38125 874.5225 901.83125 950.5415
0 2.5e-07 0.01 0.02667 0.001 868.75165 798.01575 838.10625 867.845 896.87125 939.25625 874.683815 805.93975 842.3125 873.225 905.2925 948.93
0 2.5e-07 0.01 0.02667 0.01 869.53505 793.96775 839.05625 870.1975 901.14625 940.22075 873.5441 797.85625 844.54 870.49 902.86625 954.62575
0 2.5e-07 0.01 0.02667 0.1 870.253655 793.0245 838.43875 869.3875 901.3575 947.975 874.174075 800.94875 843.58 872.75 904.04125 949.58475
0 2.5e-07 0.01 0.02667 0.5 872.69255 801.5165 841.12125 871.045 902.82125 946.88575 874.04615 803.08725 842.14875 871.6025 905.5175 947.142
0 2.5e-07 0.5 0.02667 0.001 868.5454 796.34225 837.9875 867.7075 896.4875 938.3805 874.488715 806.7535 841.4975 871.8675 904.63 950.42075
0 2.5e-07 0.5 0.02667 0.01 869.55048 795.95875 838.38125 868.6225 897.6375 944.36675 873.908485 795.167 844.26125 872.395 904.505 951.15325
0 2.5e-07 0.5 0.02667 0.1 872.298355 799.916 843.355 871.2975 901.2025 946.75975 872.96731 795.67975 841.77625 870.9225 901.94 951.815
0 2.5e-07 0.5 0.02667 0.5 871.64597 796.54 842.35875 869.8425 900.50375 948.89075 875.047165 803.36275 843.95875 874.865 904.55 953.3345
0 2.5e-07 0.01 0.05333 0.001 868.78916 798.67125 838.3 867.8825 897.10625 938.42325 874.821675 806.08325 842.56625 872.9525 903.6475 950.0905
0 2.5e-07 0.01 0.05333 0.01 869.33945 798.424 839.6125 868.885 898.7025 938.36025 872.254675 798.36475 840.8975 871.445 902.4825 950.11875
0 2.5e-07 0.01 0.05333 0.1 872.350645 800.385 841.12125 871.235 900.6525 948.21275 876.122525 802.207 845.06625 874.2675 904.16875 957.36575
0 2.5e-07 0.01 0.05333 0.5 871.236575 793.528 840.96125 870.905 901.50625 949.449 871.718395 801.52375 838.3225 871.2525 899.58375 952.3315
0 2.5e-07 0.5 0.05333 0.001 868.592245 796.2775 838.24375 867.35 896.19 939.26675 874.34525 805.492 841.22375 872.2625 903.7075 950.0905
0 2.5e-07 0.5 0.05333 0.01 869.7064 799.0605 839.20875 869.1775 898.26125 943.16 872.68779 796.7395 842.395 871.635 903.05125 949.5235
0 2.5e-07 0.5 0.05333 0.1 870.41681 799.537 837.3625 870.98 901.74625 947.16 872.540445 794.72525 842.25375 869.405 904.62125 952.17775
0 2.5e-07 0.5 0.05333 0.5 872.63698 801.52675 843.19 871.57 901.68875 946.30775 873.01416 799.7385 839.55 871.84 903.72625 948.11975
0 2.5e-07 0.01 0.0667 0.001 868.720275 798.52875 838.47375 867.475 897.3825 938.42325 874.898395 806.00775 842.51375 873.055 904.825 949.3295
0 2.5e-07 0.01 0.0667 0.01 869.109575 794.9705 839.1475 869.2325 901.2725 935.19275 872.69868 800.26425 840.4625 869.955 904.5075 952.785
0 2.5e-07 0.01 0.0667 0.1 872.162525 795.2095 840.17375 871.9575 903.9625 947.33575 873.272845 800.98375 842.92375 871.05 901.49875 950.27625
0 2.5e-07 0.01 0.0667 0.5 871.126325 800.133 839.23375 868.885 901.08125 948.6925 873.99838 798.7345 840.40625 873.07 905.29 952.065
0 2.5e-07 0.5 0.0667 0.001 868.93948 797.4945 838.52125 868.0325 896.55 938.97425 874.52257 805.9445 840.95625 872.44 903.9875 950.45175
0 2.5e-07 0.5 0.0667 0.01 871.83203 793.92275 841.59125 870.52 901.27 947.043 872.540695 798.0555 840.15 869.98 905.62 951.49125
0 2.5e-07 0.5 0.0667 0.1 871.616915 800.10475 840.95875 873.0575 900.27375 945.16875 874.15544 797.02075 843.93875 872.0675 903.705 952.98325
0 2.5e-07 0.5 0.0667 0.5 872.185615 797.0255 842.60125 869.1125 902.61125 955.4405 872.556655 801.62225 838.76875 869.845 903.81125 952.16375
0 2.5e-07 0.01 0.1334 0.001 868.65295 798.7125 838.615 867.475 896.8625 939.3545 874.50088 806.11475 840.295 872.36 904.31875 951.0905
0 2.5e-07 0.01 0.1334 0.01 868.55279 793.8145 838.8475 868.4 899.38625 938.1075 872.00582 800.77075 839.8775 869.0525 902.5875 951.84575
0 2.5e-07 0.01 0.1334 0.1 872.290395 797.425 838.6175 871.4675 904.55125 952.6365 874.57793 800.4155 841.70125 872.945 905.9025 955.1135
0 2.5e-07 0.01 0.1334 0.5 871.853995 797.01125 841.0075 871.915 901.6825 949.68025 875.324465 800.05925 845.25 874.6475 907.4525 950.131
0 2.5e-07 0.5 0.1334 0.001 869.166375 796.25675 838.70625 867.8425 897.185 940.718 874.701515 805.2695 842.1775 873.705 904.21875 951.42425
0 2.5e-07 0.5 0.1334 0.01 871.290705 801.147 841.71375 868.645 900.41875 943.63425 872.26264 795.563 841.4475 871.2675 901.65875 953.555
0 2.5e-07 0.5 0.1334 0.1 871.034035 796.945 838.1675 869.2075 901.04375 950.177 873.55147 796.015 842.79 872.85 902.45625 950.19925
0 2.5e-07 0.5 0.1334 0.5 870.407915 797.267 841.6825 869.5275 899.03375 949.13425 872.47065 802.9795 840.99875 870.98 902.1825 944.36175
0.00034 2.5e-07 0.01 0 0.001 690.75521 625.3525 663.59 688.81 716.485 763.851 692.34231 624.139 662.36 689.23 721.69125 764.84225
0.00034 2.5e-07 0.01 0 0.01 691.26596 624.3585 663.95 690.995 716.1925 759.61625 691.53333 625.16425 663.9225 690.5925 717.0225 763.994
0.00034 2.5e-07 0.01 0 0.1 692.661015 628.575 665.2275 691.3825 719.50125 760.732 693.88824 629.14875 665.325 694.5925 719.1525 764.21125
0.00034 2.5e-07 0.01 0 0.5 692.64753 625.44975 662.225 690.2725 721.55625 766.18875 691.205105 628.17975 661.665 690.1175 717.7675 763.285
0.00034 2.5e-07 0.5 0 0.001 690.75521 625.3525 663.59 688.81 716.485 763.851 692.34231 624.139 662.36 689.23 721.69125 764.84225
0.00034 2.5e-07 0.5 0 0.01 691.26596 624.3585 663.95 690.995 716.1925 759.61625 691.53333 625.16425 663.9225 690.5925 717.0225 763.994
0.00034 2.5e-07 0.5 0 0.1 692.661015 628.575 665.2275 691.3825 719.50125 760.732 693.88824 629.14875 665.325 694.5925 719.1525 764.21125
0.00034 2.5e-07 0.5 0 0.5 692.64753 625.44975 662.225 690.2725 721.55625 766.18875 691.205105 628.17975 661.665 690.1175 717.7675 763.285
0.00034 2.5e-07 0.01 0.0067 0.001 691.043155 625.43575 664.215 688.94 716.68875 763.85725 692.55665 624.139 662.39125 689.41 721.69125 766.12725
0.00034 2.5e-07 0.01 0.0067 0.01 691.43526 625.41125 664.57 691.63 716.09125 762.01 693.390205 625.7505 664.94 692.0475 719.6075 764.42175
0.00034 2.5e-07 0.01 0.0067 0.1 695.737745 629.5495 666.6 695.5925 724.02375 765.4625 705.15501 632.125 674.34375 704.5175 733.33375 782.82575
0.00034 2.5e-07 0.01 0.0067 0.5 707.773645 635.94875 678.36125 707.53 738.34125 780.471 714.601145 643.3255 685.57625 714.3275 742.8375 784.2905
0.00034 2.5e-07 0.5 0.0067 0.001 690.971335 625.3525 663.96625 689.27 717.33125 763.00225 692.68376 624.139 662.3625 689.905 721.69125 766.149
0.00034 2.5e-07 0.5 0.0067 0.01 692.371325 623.32625 662.97125 692.2725 719.19375 761.85275 694.042 626.19775 664.98 693.1075 721.395 764.333
0.00034 2.5e-07 0.5 0.0067 0.1 700.980325 635.478 671.455 699.1925 731.055 769.885 708.00985 639.19225 680.01 706.6775 734.93125 783.013
0.00034 2.5e-07 0.5 0.0067 0.5 708.092205 635.94475 677.42375 708.125 737.595 778.133 714.35331 641.74725 683.2875 715.15 745.625 783.822
0.00034 2.5e-07 0.01 0.01333 0.001 690.94341 625.43575 663.9775 688.9125 716.85625 763.85725 692.53111 624.01325 662.20375 689.5675 721.29625 764.48225
0.00034 2.5e-07 0.01 0.01333 0.01 692.07205 625.222 664.64375 692.2475 717.15 762.29675 696.963045 628.0305 666.36375 696.19 723.97875 769.99825
0.00034 2.5e-07 0.01 0.01333 0.1 703.9264 635.7 673.48 702.96 732.46125 780.8 722.766225 648.82 690.92 722.0875 755.82 798.06
0.00034 2.5e-07 0.01 0.01333 0.5 719.389135 645.7345 689.225 717.515 750.4525 798.172 731.2323 659.83525 700.5075 730.04 761.6675 805.63025
0.00034 2.5e-07 0.5 0.01333 0.001 691.480335 625.3525 663.9375 689.02 717.25625 764.70675 693.10589 624.01325 662.39875 690.3025 721.76125 766.151
0.00034 2.5e-07 0.5 0.01333 0.01 697.194695 629.80225 666.60375 695.2675 724.68625 772.245 699.442155 630.40425 667.24375 697.7425 727.415 777.28925
0.00034 2.5e-07 0.5 0.01333 0.1 718.46374 648.52325 688.06375 716.9925 748.0725 793.32075 729.145175 657.28 701.11375 727.2175 756.5525 804.62125
0.00034 2.5e-07 0.5 0.01333 0.5 722.774655 654.92675 691.59875 719.565 751.6875 804.311 734.098875 660.2315 704.37375 734.015 764.7425 805.79575
0.00034 2.5e-07 0.01 0.02667 0.001 691.464275 625.43575 664.465 689.3125 717.49 763.69575 693.037295 623.58725 662.77125 690.4525 721.8925 766.9765
0.00034 2.5e-07 0.01 0.02667 0.01 693.44981 626.239 665.30625 692.485 719.07625 763.444 705.61482 630.864 671.82875 702.34 736.49125 792.3745
0.00034 2.5e-07 0.01 0.02667 0.1 715.2075 639.86225 683.405 715.1825 745.16125 795.126 748.49699 670.10475 716.95375 748.67 781.455 824.131
0.00034 2.5e-07 0.01 0.02667 0.5 731.41655 658.739 699.97875 730.115 763.6875 805.58225 754.39987 679.508 723.9425 754.2275 785.41375 825.98075
0.00034 2.5e-07 0.5 0.02667 0.001 692.235415 624.741 664.0925 690.0725 718.325 765.61675 694.296365 623.46825 662.9975 690.6025 723.37625 771.12525
0.00034 2.5e-07 0.5 0.02667 0.01 709.94923 631.094 674.34625 707.205 743.55125 796.88575 716.0714 636.24325 677.395 712.64 750.21625 807.76775
0.00034 2.5e-07 0.5 0.02667 0.1 744.63725 665.76975 715.75375 746.5725 773.79125 816.865 753.897935 680.11325 723.95 752.965 781.96 828.50525
0.00034 2.5e-07 0.5 0.02667 0.5 744.285635 672.49375 712.13875 744.635 774.0375 818.1265 758.493545 685.0595 728.65625 757.475 788.18125 833.658
0.00034 2.5e-07 0.01 0.05333 0.001 691.67792 625.43575 664.7325 689.66 717.2375 765.0405 695.53338 623.5965 663.12375 692.865 724.59 777.01625
0.00034 2.5e-07 0.01 0.05333 0.01 696.24535 623.9915 665.96125 694.445 723.095 769.83 727.31953 641.06425 682.6175 720.54 769.20625 828.28525
0.00034 2.5e-07 0.01 0.05333 0.1 739.09947 656.17825 706.88 739.19 774.4375 821.8405 777.422785 701.68075 741.9175 774.8575 812.16 854.462
0.00034 2.5e-07 0.01 0.05333 0.5 748.54349 672.40525 715.3775 747.08 782.065 831.87325 782.81567 703.92775 752.49625 783.1325 812.4525 858.11775
0.00034 2.5e-07 0.5 0.05333 0.001 694.47658 625.43375 665.35625 690.835 721.15375 769.338 699.21121 624.2795 664.9825 693.23 730.85125 788.11
0.00034 2.5e-07 0.5 0.05333 0.01 734.78788 638.0555 692.41375 733.215 779.0925 834.567 748.367345 646.74125 701.12 750.4425 793.1625 848.188
0.00034 2.5e-07 0.5 0.05333 0.1 772.40702 703.4175 742.33125 770.1175 800.98125 845.4265 783.864915 707.425 752.515 784.9025 814.48 862.68875
0.00034 2.5e-07 0.5 0.05333 0.5 774.044395 706.20525 742.56375 772.555 804.92125 850.95075 785.047495 709.05725 754.69625 783.6825 815.0875 862.935
0.00034 2.5e-07 0.01 0.0667 0.001 691.60881 625.3525 664.8975 689.4875 717.3725 765.0405 696.5274 623.26325 663.16 693.2625 726.54625 779.19775
0.00034 2.5e-07 0.01 0.0667 0.01 698.04496 624.73375 665.91 695.365 726.31375 777.0715 735.11385 639.856 686.26 729.3675 782.32625 842.80825
0.00034 2.5e-07 0.01 0.0667 0.1 743.135765 665.67075 711.27375 742.74 774.9725 821.09625 788.43794 710.23975 754.03125 787.485 820.7425 869.07325
0.00034 2.5e-07 0.01 0.0667 0.5 754.219795 678.81425 722.415 752.0925 782.945 837.39875 788.17657 715.6465 756.345 790.1925 819.02 866.78975
0.00034 2.5e-07 0.5 0.0667 0.001 695.83776 625.43375 665.54625 691.7325 721.35 778.7345 700.303175 625.164 664.9675 694.8275 732.17625 790.8185
0.00034 2.5e-07 0.5 0.0667 0.01 745.498995 641.167 699.27625 748.8875 789.78375 847.37175 761.934595 653.5135 714.7625 766.9075 805.96375 858.348
0.00034 2.5e-07 0.5 0.0667 0.1 782.12228 705.905 751.59875 780.095 813.1275 858.78 797.02584 721.85 764.28625 796.485 829.17 872.345
0.00034 2.5e-07 0.5 0.0667 0.5 784.320255 709.78125 754.14875 784.44 814.3075 863.30925 797.42353 724.68425 764.90375 796.4275 827.32625 877.5155
0.00034 2.5e-07 0.01 0.1334 0.001 691.956195 625.43575 664.695 689.9175 717.60625 765.49025 702.027295 625.2745 665.53375 695.995 731.805 808.34675
0.00034 2.5e-07 0.01 0.1334 0.01 704.09489 630.13025 669.7025 700.3675 735.1 793.2855 776.3023 656.58925 722.215 784.635 829.5 883.947
0.00034 2.5e-07 0.01 0.1334 0.1 765.394575 684.0835 731.43 765.2175 797.88875 847.99375 813.406955 735.6 783.81875 813.3925 842.00375 893.35075
0.00034 2.5e-07 0.01 0.1334 0.5 771.961545 692.173 740.1775 771.7075 803.04 850.63975 815.91485 738.7 783.50875 815.0175 846.01 894.35375
0.00034 2.5e-07 0.5 0.1334 0.001 704.140945 626.2285 666.98875 696.1975 730.6725 807.83525 710.706805 625.164 667.30125 699.325 742.20125 835.861
0.00034 2.5e-07 0.5 0.1334 0.01 790.64081 671.733 754.63625 798.1675 834.72 885.27825 807.22349 686.08075 774.93375 813.2525 848.59625 899.873
0.00034 2.5e-07 0.5 0.1334 0.1 811.56979 738.69975 780.6725 809.855 839.72625 890.365 824.552025 751.60675 791.55375 823.2875 855.8975 906.8165
0.00034 2.5e-07 0.5 0.1334 0.5 810.713845 733.73875 781.37625 811.3225 839.12375 887.1055 822.83328 746.35675 792.5375 820.575 852.99625 901.25725
0.0017 2.5e-07 0.01 0 0.001 591.867045 539.699 570.72375 591.26 614.86375 643.19725 590.76719 538.6175 568.86 591.2225 611.1575 645.5155
0.0017 2.5e-07 0.01 0 0.01 591.815735 538.857 570.42875 590.1 612.8725 647.0085 591.4597 539.51875 570.63375 590.855 613.02 644.522
0.0017 2.5e-07 0.01 0 0.1 592.38608 538.228 570.72 591.9675 614.3275 647.845 593.492845 543.36925 572.83 592.44 612.955 645.986
0.0017 2.5e-07 0.01 0 0.5 591.212515 537.453 569.35 590.0175 613.875 647.54925 592.00966 537.9845 570.62625 591.9375 612.5125 646.58125
0.0017 2.5e-07 0.5 0 0.001 591.867045 539.699 570.72375 591.26 614.86375 643.19725 590.76719 538.6175 568.86 591.2225 611.1575 645.5155
0.0017 2.5e-07 0.5 0 0.01 591.815735 538.857 570.42875 590.1 612.8725 647.0085 591.4597 539.51875 570.63375 590.855 613.02 644.522
0.0017 2.5e-07 0.5 0 0.1 592.38608 538.228 570.72 591.9675 614.3275 647.845 593.492845 543.36925 572.83 592.44 612.955 645.986
0.0017 2.5e-07 0.5 0 0.5 591.212515 537.453 569.35 590.0175 613.875 647.54925 592.00966 537.9845 570.62625 591.9375 612.5125 646.58125
0.0017 2.5e-07 0.01 0.0067 0.001 591.915765 539.699 570.85875 591.2575 615.0325 643.19725 590.780395 538.56075 568.30125 591.335 611.39625 645.054
0.0017 2.5e-07 0.01 0.0067 0.01 591.594115 539.5095 569.87375 590.385 612.21 647.86025 592.12737 536.44575 572.05375 592.125 613.00125 646.783
0.0017 2.5e-07 0.01 0.0067 0.1 593.260555 539.28975 572.58 593.3575 614.5325 649.085 593.9951 543.41425 573.285 593.46 614.46 644.96
0.0017 2.5e-07 0.01 0.0067 0.5 596.47879 545.93875 574.68625 595.8175 617.27375 649.8605 598.310665 546.23675 575.82875 598.2375 619.67125 653.318
0.0017 2.5e-07 0.5 0.0067 0.001 591.81322 539.66975 569.64625 591.335 614.89 643.397 590.876545 538.1655 568.71625 591.2925 611.92375 645.5155
0.0017 2.5e-07 0.5 0.0067 0.01 591.9423 540.84775 570.18375 590.73 612.79375 646.02225 592.00081 539.56925 571.12875 592.3375 613.92125 644.25775
0.0017 2.5e-07 0.5 0.0067 0.1 592.777285 536.59475 572.2925 592.6575 614.86 642.832 596.716305 544.482 575.235 595.935 618.215 650.365
0.0017 2.5e-07 0.5 0.0067 0.5 594.56907 539.90625 570.63375 594.18 618.18875 650.26475 597.793685 544.70475 575.34875 597.355 619.17 652.70625
0.0017 2.5e-07 0.01 0.01333 0.001 591.874195 539.67725 570.20375 591.1675 615.0325 643.13225 590.942235 538.632 568.71625 591.04 611.97875 645.6245
0.0017 2.5e-07 0.01 0.01333 0.01 591.973125 539.54275 569.87375 590.9225 612.8725 648.273 593.587885 541.23625 572.94625 593.055 614.57875 648.08625
0.0017 2.5e-07 0.01 0.01333 0.1 593.678865 537.934 572.11875 593.5925 615.08625 647.42225 602.955615 550.43375 579.0825 600.8975 628.155 659.061
0.0017 2.5e-07 0.01 0.01333 0.5 601.23439 547.289 576.85375 601.0675 625.6375 656.01125 606.89289 553.8025 582.49 607.0075 629.90375 668.546
0.0017 2.5e-07 0.5 0.01333 0.001 591.976735 539.699 570.98625 591.3475 614.60375 644.6595 591.109055 538.186 569.5625 590.99 612.505 645.86775
0.0017 2.5e-07 0.5 0.01333 0.01 593.017925 540.70175 570.74375 591.595 614.3325 646.77525 593.981655 542.735 571.8125 593.3125 613.85625 648.05375
0.0017 2.5e-07 0.5 0.01333 0.1 598.662795 541.6625 575.5475 597.3675 621.12875 655.67475 606.066985 551.99425 583.8625 604.89 628.105 663.3955
0.0017 2.5e-07 0.5 0.01333 0.5 601.315835 548.96775 579.21 599.1575 622.8425 658.89925 609.186085 558.15 586.92125 607.2525 629.8 665.85225
0.0017 2.5e-07 0.01 0.02667 0.001 592.009955 539.699 570.88125 591.335 615.0325 643.13225 591.19131 538.632 569.11625 591.2 612.4825 645.6245
0.0017 2.5e-07 0.01 0.02667 0.01 592.30283 540.14925 570.21375 590.845 613.04375 648.4325 598.87991 544.33025 574.2025 599.12 621.4525 653.08625
0.0017 2.5e-07 0.01 0.02667 0.1 600.593845 543.934 578.28625 601.175 621.675 656.40725 618.201985 564.967 594.7925 618.6525 640.7025 671.873
0.0017 2.5e-07 0.01 0.02667 0.5 609.129045 556.266 587.2575 607.395 632.2875 662.7465 622.323585 565.06675 597.67625 620.6275 646.9975 681.00575
0.0017 2.5e-07 0.5 0.02667 0.001 592.502385 539.74275 570.515 591.8275 615.13625 645.07125 591.99843 538.85375 569.85625 591.9625 612.79125 646.7885
0.0017 2.5e-07 0.5 0.02667 0.01 597.81526 543.5175 574.55625 596.92 620.80375 654.24075 604.108225 549.00225 579.5375 603.1725 627.73875 663.94975
0.0017 2.5e-07 0.5 0.02667 0.1 615.37118 557.03725 591.64 615.2675 637.94375 671.44775 624.796265 566.5735 603.3725 623.665 646.87625 682.254
0.0017 2.5e-07 0.5 0.02667 0.5 616.90276 562.5565 593.81 617.015 639.6075 673.978 625.07552 569.5765 601.82125 623.8525 646.78125 684.436
0.0017 2.5e-07 0.01 0.05333 0.001 592.135825 539.74275 571.37 591.6475 614.9575 643.19725 592.890955 539.2915 569.84875 592.7225 614.6725 649.14975
0.0017 2.5e-07 0.01 0.05333 0.01 594.31253 540.1495 571.56875 592.8875 616.12 653.79525 612.23562 551.18825 583.10375 608.4325 637.55375 683.13675
0.0017 2.5e-07 0.01 0.05333 0.1 609.06824 550.73675 583.30125 609.495 635.56 667.385 644.28802 584.61525 617.23125 644.0875 670.3375 709.48775
0.0017 2.5e-07 0.01 0.05333 0.5 617.844615 559.094 592.74625 618.05 642.66125 675.43325 648.176815 585.485 623.23625 649.45 671.3925 707.26825
0.0017 2.5e-07 0.5 0.05333 0.001 594.03014 540.5725 571.8225 594.205 616.58625 649.4385 595.16038 539.8915 571.8425 594.065 616.01 656.6785
0.0017 2.5e-07 0.5 0.05333 0.01 617.22446 551.19875 590.065 615.3125 646.15625 686.2015 629.042395 556.69225 595.8275 627.3875 660.27875 708.03725
0.0017 2.5e-07 0.5 0.05333 0.1 640.942665 585.88675 616.64625 638.9 664.865 700.22925 657.350475 596.926 631.45125 657.35 683.545 721.06125
0.0017 2.5e-07 0.5 0.05333 0.5 642.21289 583.03975 615.57 640.215 667.66875 707.38425 657.156965 598.1655 631.00875 654.895 680.20375 724.94575
0.0017 2.5e-07 0.01 0.0667 0.001 592.289525 539.74275 570.98625 591.7725 615.11125 643.6235 594.19989 538.59325 570.36375 593.2625 615.48375 654.97975
0.0017 2.5e-07 0.01 0.0667 0.01 594.65751 540.49875 572.47375 593.475 616.38 652.6115 618.414585 551.1795 585.15625 615.44 649.3825 698.7365
0.0017 2.5e-07 0.01 0.0667 0.1 615.95762 555.20975 590.8125 617.4775 639.35625 678.675 653.224185 588.79775 625.38125 652.3425 681.06625 717.71625
0.0017 2.5e-07 0.01 0.0667 0.5 621.22815 562.2735 593.85375 620.3275 647.115 682.6605 657.425845 597.36475 630.80125 655.7675 683.32375 720.0565
0.0017 2.5e-07 0.5 0.0667 0.001 595.1187 540.263 571.83 594.635 618.28 655.457 596.782975 538.92675 572.0575 593.9 616.215 665.3535
0.0017 2.5e-07 0.5 0.0667 0.01 628.06827 554.02625 594.88 628.135 660.36 706.0995 642.76705 565.11 605.93 642.755 678.21875 720.45125
0.0017 2.5e-07 0.5 0.0667 0.1 652.36261 591.7615 626.1775 652.485 678.195 714.365 669.55603 610.2145 643.7125 669.655 693.595 730.20825
0.0017 2.5e-07 0.5 0.0667 0.5 652.145955 591.9075 625.6375 648.9675 677.7525 720.02175 670.493905 610.4085 643.4375 668.445 696.43375 737.44925
0.0017 2.5e-07 0.01 0.1334 0.001 592.155635 539.74275 570.98625 591.4975 614.935 643.66375 599.07352 538.617 571.8375 595.1675 618.87625 676.507
0.0017 2.5e-07 0.01 0.1334 0.01 598.36035 539.98075 573.4525 596.9125 622.20875 659.487 659.377165 558.51725 612.92625 664.665 703.5275 753.91025
0.0017 2.5e-07 0.01 0.1334 0.1 631.739415 566.13625 605.255 631.9125 658.13375 697.4275 692.217405 623.93425 665.37125 691.115 719.10875 758.3475
0.0017 2.5e-07 0.01 0.1334 0.5 637.841995 573.78225 611.90625 638.4125 663.605 703.85975 696.521565 626.62625 667.5725 696.0075 724.18 767.73225
0.0017 2.5e-07 0.5 0.1334 0.001 603.096775 540.2295 573.1175 596.775 622.70125 700.17675 606.66966 539.21475 574.4475 597.645 625.9475 715.26975
0.0017 2.5e-07 0.5 0.1334 0.01 674.01777 574.947 638.3175 680.2425 711.7875 755.50525 696.669975 593.35375 666.39375 702.1075 733.275 774.05275
0.0017 2.5e-07 0.5 0.1334 0.1 693.736795 631.016 663.25875 693.4875 718.84125 764.34925 713.76001 648.03825 682.42375 712.3675 742.66875 782.123
0.0017 2.5e-07 0.5 0.1334 0.5 694.190105 632.69175 664.96625 692.2525 721.34375 761.83375 715.620935 646.667 684.5575 715.57 745.0175 789.702
0.0034 2.5e-07 0.01 0 0.001 573.14291 527.70625 551.6325 572.24 593.7825 623.44875 572.60006 524.9295 552.19 570.985 593.4025 624.77075
0.0034 2.5e-07 0.01 0 0.01 574.255335 526.02175 552.74125 574.1325 594.72 626.3355 574.300655 524.46175 553.02 573.08 595.48875 623.89925
0.0034 2.5e-07 0.01 0 0.1 575.2136 525.719 552.26 575.0475 596.095 629.74625 575.93124 525.14775 555.79875 574.3825 595.025 627.33
0.0034 2.5e-07 0.01 0 0.5 574.00038 523.19125 551.25375 573.9125 596.205 627.82275 574.384235 527.7835 554.01625 574.1125 594.81875 625.1065
0.0034 2.5e-07 0.5 0 0.001 573.14291 527.70625 551.6325 572.24 593.7825 623.44875 572.60006 524.9295 552.19 570.985 593.4025 624.77075
0.0034 2.5e-07 0.5 0 0.01 574.255335 526.02175 552.74125 574.1325 594.72 626.3355 574.300655 524.46175 553.02 573.08 595.48875 623.89925
0.0034 2.5e-07 0.5 0 0.1 575.2136 525.719 552.26 575.0475 596.095 629.74625 575.93124 525.14775 555.79875 574.3825 595.025 627.33
0.0034 2.5e-07 0.5 0 0.5 574.00038 523.19125 551.25375 573.9125 596.205 627.82275 574.384235 527.7835 554.01625 574.1125 594.81875 625.1065
0.0034 2.5e-07 0.01 0.0067 0.001 573.08734 526.77425 551.4625 572.0975 594.2425 623.09725 572.724335 525.639 551.965 571.2175 593.53875 624.80075
0.0034 2.5e-07 0.01 0.0067 0.01 574.07528 525.75225 552.985 573.4325 594.27625 626.3355 575.15494 525.65175 553.5975 574.31 597.01375 627.25625
0.0034 2.5e-07 0.01 0.0067 0.1 574.205435 526.324 553.0275 574.1375 596.12875 623.85225 577.65597 528.8355 557.46 575.565 598.47125 628.08875
0.0034 2.5e-07 0.01 0.0067 0.5 576.484615 527.634 555.10875 573.67 598.03125 630.68025 575.68715 523.96375 554.8775 575.855 597.2725 626.13375
0.0034 2.5e-07 0.5 0.0067 0.001 573.26062 526.77425 551.94125 572.3575 593.57875 623.463 572.68115 524.464 552.2775 571.2625 593.46 624.80075
0.0034 2.5e-07 0.5 0.0067 0.01 574.012195 525.6385 553.3825 574.295 594.49 625.796 575.16459 525.69475 553.20875 574.2325 596.7325 625.87075
0.0034 2.5e-07 0.5 0.0067 0.1 574.285845 526.8995 554.22125 573.1675 595.28875 623.44025 576.960015 526.8395 555.59875 575.55 599.5325 626.34875
0.0034 2.5e-07 0.5 0.0067 0.5 574.692385 522.61925 553.08875 573.675 596.75875 626.1435 576.47772 524.854 554.22 576.835 597.2525 629.00325
0.0034 2.5e-07 0.01 0.01333 0.001 573.15135 527.70625 551.4625 572.0975 594.05875 623.44875 572.796925 524.43 552.17375 571.61 593.805 624.771
0.0034 2.5e-07 0.01 0.01333 0.01 574.11605 525.24925 552.67875 573.7675 593.6625 626.79725 575.627945 525.36725 553.91125 575.1925 597.225 626.9295
0.0034 2.5e-07 0.01 0.01333 0.1 573.55627 521.43975 551.71375 573.035 596.27625 623.85 578.171045 527.08425 558.0725 577.88 598.8475 631.27325
0.0034 2.5e-07 0.01 0.01333 0.5 577.247495 526.80075 557.21125 577.69 597.685 630.34925 579.554145 527.509 558.83625 579.575 600.6575 631.5725
0.0034 2.5e-07 0.5 0.01333 0.001 573.21961 526.649 552.0725 572.25 593.43375 623.4795 572.834275 524.9645 552.285 571.175 593.41 625.059
0.0034 2.5e-07 0.5 0.01333 0.01 574.466695 525.35575 554.3075 573.7375 594.6275 625.533 575.93433 526.42525 554.34 575.0325 596.985 627.026
0.0034 2.5e-07 0.5 0.01333 0.1 574.92292 523.1915 554.05 574.5 596.72 626.12525 577.89141 524.6075 557.5775 576.965 599.1 632.138
0.0034 2.5e-07 0.5 0.01333 0.5 575.57242 524.881 552.7375 575.855 598.16625 629.319 578.36041 524.72975 555.25 578.675 602.3075 630.88225
0.0034 2.5e-07 0.01 0.02667 0.001 573.205025 527.70625 551.6525 572.24 594.05875 623.92 573.20746 524.863 552.16625 571.635 594.23 625.585
0.0034 2.5e-07 0.01 0.02667 0.01 574.72793 525.75225 553.8975 574.4175 595.0875 625.88625 576.30904 524.02 554.59625 575.52 597.91875 627.5205
0.0034 2.5e-07 0.01 0.02667 0.1 576.845335 523.36 554.95125 577.44 597.8375 631.17175 583.46204 531.67525 562.16875 582.515 604.81 636.2235
0.0034 2.5e-07 0.01 0.02667 0.5 580.72407 527.6275 558.21875 580.8575 602.78875 635.73125 585.601315 528.958 564.615 585.6275 606.415 637.30075
0.0034 2.5e-07 0.5 0.02667 0.001 573.5361 527.82075 551.9125 572.9275 594.20875 625.3 573.20633 526.01075 552.43375 571.4775 593.93 625.84925
0.0034 2.5e-07 0.5 0.02667 0.01 576.520655 524.928 555.02625 575.16 596.81 629.61225 579.083065 526.36825 555.94875 578.23 601.145 631.479
0.0034 2.5e-07 0.5 0.02667 0.1 581.118645 525.02525 558.12125 580.9325 606.06875 636.545 586.644055 534.376 565.2525 585.52 609.2475 640.375
0.0034 2.5e-07 0.5 0.02667 0.5 583.304725 530.10975 561.8775 584.3175 604.83125 632.81325 588.7665 536.33975 567.03625 589.2725 609.2125 641.092
0.0034 2.5e-07 0.01 0.05333 0.001 573.213795 526.649 551.40625 572.24 594.06 624.31075 573.783785 525.1415 552.17375 572.35 594.80625 626.7075
0.0034 2.5e-07 0.01 0.05333 0.01 574.61529 525.401 553.9 574.5225 593.92 626.004 581.10999 525.8125 557.32 580.53 602.075 638.6665
0.0034 2.5e-07 0.01 0.05333 0.1 580.398075 526.10825 556.76 581.345 601.99125 636.14575 599.5781 541.73 575.9575 599.2125 623.5 656.696
0.0034 2.5e-07 0.01 0.05333 0.5 586.12127 533.08175 564.165 585.1075 607.965 640.59475 598.75187 543.92125 574.63 597.505 622.255 657.2705
0.0034 2.5e-07 0.5 0.05333 0.001 574.48329 527.58675 552.79625 573.1825 595.5925 626.52925 574.372755 524.35675 552.885 572.895 594.91375 627.454
0.0034 2.5e-07 0.5 0.05333 0.01 585.598555 530.88575 560.2375 583.2725 609.80125 650.0875 592.600465 534.433 566.54125 590.4625 618.03625 656.108
0.0034 2.5e-07 0.5 0.05333 0.1 597.83508 545.06675 575.37 596.9075 620.1225 652.02175 607.5124 550.938 583.61875 607.775 630.44 663.22875
0.0034 2.5e-07 0.5 0.05333 0.5 599.743085 548.7755 576.815 597.805 619.54125 656.12 607.113345 551.373 583.99625 606.6675 628.38875 665.8835
0.0034 2.5e-07 0.01 0.0667 0.001 573.398035 526.77425 551.76625 572.3425 594.2425 624.31075 573.99605 525.16525 552.17375 572.54 595.33375 626.95375
0.0034 2.5e-07 0.01 0.0667 0.01 574.216235 524.27425 553.40875 574.2625 593.89125 626.31775 585.31707 532.76975 560.5 584.3875 608.5025 642.75625
0.0034 2.5e-07 0.01 0.0667 0.1 582.266505 531.76 559.0375 581.7 603.8425 639.49875 603.09576 544.662 580.22625 603.47 623.5375 662.08
0.0034 2.5e-07 0.01 0.0667 0.5 588.504905 536.299 566.31125 586.535 611.74625 644.44775 608.89128 550.1695 585.88125 608.1525 633.97 667.034
0.0034 2.5e-07 0.5 0.0667 0.001 575.299945 527.99325 552.2525 574.5275 596.3925 630.39275 575.409785 523.9985 553.4375 573.905 596.92875 629.709
0.0034 2.5e-07 0.5 0.0667 0.01 590.87958 533.85125 565.4775 587.8775 616.64375 653.98275 601.074405 541.0225 573.78375 599.9725 625.75375 665.8055
0.0034 2.5e-07 0.5 0.0667 0.1 604.74363 551.10375 582.80375 604.8325 625.925 660.925 618.269955 566.2235 594.61625 617.325 641.40625 675.15675
0.0034 2.5e-07 0.5 0.0667 0.5 605.65934 547.093 581.99125 606.78 627.94625 664.41575 618.607945 561.3055 595.70375 617.055 640.8575 675.2845
0.0034 2.5e-07 0.01 0.1334 0.001 573.385135 527.3975 551.66375 572.3425 593.98375 624.31075 576.43298 525.7115 552.9625 573.265 598.6675 634.1715
0.0034 2.5e-07 0.01 0.1334 0.01 575.381285 526.46375 554.73375 575.2325 594.60875 628.05725 610.89437 542.039 580.0375 610.5475 638.34125 681.319
0.0034 2.5e-07 0.01 0.1334 0.1 588.34607 531.2585 564.0375 585.5525 612.96 650.2405 634.29031 571.86 607.01375 632.4775 660.025 698.3055
0.0034 2.5e-07 0.01 0.1334 0.5 594.655895 538.54125 571.59 593.6225 618.35875 656.13525 638.430345 578.99525 611.75125 637.3875 663.15625 704.47775
0.0034 2.5e-07 0.5 0.1334 0.001 579.64047 526.74575 554.705 575.705 600.84375 646.467 582.2096 525.37925 555.29875 575.825 603.64 658.299
0.0034 2.5e-07 0.5 0.1334 0.01 624.55348 555.627 595.0075 625.545 653.43625 694.20575 642.609825 563.64925 616.34375 645.3175 671.35375 710.832
0.0034 2.5e-07 0.5 0.1334 0.1 639.24432 577.90425 613.6725 639.705 663.0075 700.29675 657.212245 594.7095 629.84875 655.9725 683.78125 722.10225
0.0034 2.5e-07 0.5 0.1334 0.5 639.7588 577.97125 615.5525 639.2825 664.93 700.67025 657.99058 597.524 630.45375 657.56 682.15625 723.0325
