m r d s f D_dxy_mean D_dxy_quantile0.05 D_dxy_quantile0.25 D_dxy_quantile0.50 D_dxy_quantile0.75 D_dxy_quantile0.95 HD_dxy_mean HD_dxy_quantile0.05 HD_dxy_quantile0.25 HD_dxy_quantile0.50 HD_dxy_quantile0.75 HD_dxy_quantile0.95
0 2.5e-08 0.01 0 0.1 872.86615 726.4875 785.69625 860.5 944.5425 1072.251 876.820976821192 708.53675 798.98375 867.2775 943.40625 1069.19425
0 2.5e-08 0.01 0 0.5 875.314925 694.13325 791.49625 864.07 953.89875 1073.53575 873.831078553616 709.32075 793.27 868.7175 944.90875 1064.44125
0 2.5e-08 0.5 0 0.1 872.86615 726.4875 785.69625 860.5 944.5425 1072.251 876.820976821192 708.53675 798.98375 867.2775 943.40625 1069.19425
0 2.5e-08 0.5 0 0.5 875.314925 694.13325 791.49625 864.07 953.89875 1073.53575 873.831078553616 709.32075 793.27 868.7175 944.90875 1064.44125
0 2.5e-08 0.01 0.0067 0.1 874.503708791209 688.67925 791.44375 864.465 953.5225 1083.8745 869.679974446337 696.6215 781.835 866.115 942.445 1078.2265
0 2.5e-08 0.01 0.0067 0.5 874.092301020408 690.09325 789.15125 866.3225 944.76 1081.58075 873.463708542714 693.5685 791.89 865.495 944.7425 1073.65
0 2.5e-08 0.5 0.0067 0.1 874.202941176471 696.109 786.555 864.55 945.175 1093.694 870.700910326087 697.10625 787.31375 862.5775 946.8075 1065.48125
0 2.5e-08 0.5 0.0067 0.5 872.027370030581 699.505 792.13 866.58 944.73 1068.61 869.332335 694.101 784.04625 860.8175 945.975 1074.06
0 2.5e-08 0.01 0.01333 0.1 873.781825053996 701.361 788.09 863.39 948.7125 1079.4355 876.340705445545 695.825 789.42625 863.4175 954.46625 1102.50975
0 2.5e-08 0.01 0.01333 0.5 875.905785 692.23225 795.215 867.045 951.3875 1092.6255 873.82041 696.96425 788.55125 869.02 946.51875 1081.33075
0 2.5e-08 0.5 0.01333 0.1 875.427349112426 692.68 791.075 865.95 955.065 1093.807 869.685782937365 681.4975 782.37 860.545 947.74 1091.19875
0 2.5e-08 0.5 0.01333 0.5 875.230500500501 694.774 793.41 869.94 952.3725 1069.812 871.10818 687.05375 786.98125 864.6325 945.915 1073.92775
0 2.5e-08 0.01 0.02667 0.1 875.321124213836 690.6475 792.8825 861.15 951.5825 1095.65375 868.588003144654 693.2345 781.46375 858.41 943.85375 1083.07125
0 2.5e-08 0.01 0.02667 0.5 876.986205 699.158 797.3325 874.6375 946.455 1076.194 866.42103 691.32625 779.77875 855.5875 944.45125 1074.11575
0 2.5e-08 0.5 0.02667 0.1 877.998028600613 694.0015 791.165 867.37 956.2775 1093.273 874.524437751004 698.3625 789.10125 868.2925 950.4275 1085.765
0 2.5e-08 0.5 0.02667 0.5 880.45624 696.113 799.125 879.4475 951.87 1077.742 867.84432 694.682 782.75875 857.985 938.59375 1070.62875
0 2.5e-08 0.01 0.05333 0.1 881.286871859297 697.21625 787.6825 869.34 959.4125 1093.83375 874.650775 701.17875 794.7725 866.7425 944.97875 1083.59025
0 2.5e-08 0.01 0.05333 0.5 877.46222 706.40075 795.36375 865.8175 949.35125 1084.31075 873.294015 701.1525 789.3975 868.1275 945.53 1066.3535
0 2.5e-08 0.5 0.05333 0.1 876.60745 689.67775 786.5525 872.65 957.03875 1076.801 872.098655 700.7015 792.43625 868.185 940.36375 1065.41375
0 2.5e-08 0.5 0.05333 0.5 881.580745 700.76525 793.535 870.9225 961.57 1092.01175 876.948665 709.96125 795.08125 870.58 945.37125 1068.3045
0 2.5e-08 0.01 0.0667 0.1 882.986563245823 695.9675 801.5075 875.98 951.67 1098.19875 873.0069 695.91675 791.93125 864.0775 948.11625 1077.7995
0 2.5e-08 0.01 0.0667 0.5 876.305705 706.024 791.93375 868.4475 947.68375 1081.363 869.246045 693.112 792.2875 863.205 941.0825 1055.215
0 2.5e-08 0.5 0.0667 0.1 878.489805 700.37725 794.81375 869.8925 952.4925 1089.75975 868.97583 697.9415 790.3375 859.97 940.42125 1066.79875
0 2.5e-08 0.5 0.0667 0.5 875.8963 694.21675 792.78625 873.295 949.475 1071.37725 872.42687 704.7625 791.78875 861.1875 938.08125 1074.9635
0 2.5e-08 0.01 0.1334 0.1 873.587079002079 690.35525 790.0025 870.555 947.16125 1073.8145 866.84252 688.544 784.51 859.03 935.9325 1079.86075
0 2.5e-08 0.01 0.1334 0.5 876.40061 700.448 786.41625 869.1725 951.8475 1086.26225 873.072575 706.077 789.695 862.5 943.75125 1073.3675
0 2.5e-08 0.5 0.1334 0.1 872.29876 688.745 790.805 868.1225 947.11375 1084.068 872.13882 697.1995 791.225 860.4925 946.38 1070.355
0 2.5e-08 0.5 0.1334 0.5 875.77258 703.7395 789.33375 866.41 948.55125 1085.005 870.14942 687.12325 790.15 859.685 944.9975 1066.8775
0.00034 2.5e-08 0.01 0 0.1 697.385113636364 546.752 630.47375 689.2475 757.28875 853.9695 694.844405594406 551.13 626.3175 687.5175 756.01 862.82875
0.00034 2.5e-08 0.01 0 0.5 695.913604497355 533.3075 623.4725 694.465 763.23875 873.6725 689.808148880105 546.329 625.3075 682.39 753.2175 858.1535
0.00034 2.5e-08 0.5 0 0.1 697.385113636364 546.752 630.47375 689.2475 757.28875 853.9695 694.844405594406 551.13 626.3175 687.5175 756.01 862.82875
0.00034 2.5e-08 0.5 0 0.5 695.913604497355 533.3075 623.4725 694.465 763.23875 873.6725 689.808148880105 546.329 625.3075 682.39 753.2175 858.1535
0.00034 2.5e-08 0.01 0.0067 0.1 736.204197368421 567.6935 666.445 734.565 803.89625 898.68925 742.231008196721 587.73625 679.34375 735.055 797.90875 910.93325
0.00034 2.5e-08 0.01 0.0067 0.5 742.574227226203 577.366 668.235 734.725 808.785 933.991 751.346570996979 588.015 673.465 747.61 812.355 946.169
0.00034 2.5e-08 0.5 0.0067 0.1 742.679845916795 589.289 668.03 732.57 809.63 929.984 754.342935222672 593.76 679.79 752.425 821.855 933.89
0.00034 2.5e-08 0.5 0.0067 0.5 744.421285569106 586.0135 669.0225 737.2375 813.97 931.007 755.762299599198 588.59325 680.05 748.7825 818.33625 950.2275
0.00034 2.5e-08 0.01 0.01333 0.1 755.484321223709 579.741 681.785 748.98 825.8675 947.531 781.00753262159 613.336 708.93 773.915 846.9325 966.301
0.00034 2.5e-08 0.01 0.01333 0.5 769.79517552658 616.727 691.09 760.57 837.565 958.271 786.502355 624.11825 710.3575 782.2875 852.585 952.333
0.00034 2.5e-08 0.5 0.01333 0.1 781.542126436782 617.10925 704.50375 771.985 855.08875 966.17375 793.594723109691 625.635 717.6275 785.73 860.39 997.269
0.00034 2.5e-08 0.5 0.01333 0.5 783.17124 618.4175 705.16 779.24 852.14 966.7195 796.243275 627.65125 717.46375 791.51 868.2075 991.20675
0.00034 2.5e-08 0.01 0.02667 0.1 781.994866863905 600.5425 701.57875 772.05 851.56375 988.5725 816.518113897597 640.803 733.985 809.37 889.675 1021.475
0.00034 2.5e-08 0.01 0.02667 0.5 795.873328328328 618.954 716.4225 781.155 872.14 996.804 816.358955 653.565 733.25125 805.405 890.15875 1021.926
0.00034 2.5e-08 0.5 0.02667 0.1 814.46000508647 628.8535 732.3375 803.84 890.0875 1025.34 825.786079317269 644.62125 748.15 812.6225 896.4525 1025.51375
0.00034 2.5e-08 0.5 0.02667 0.5 817.1447 647.32 734.8275 809.5875 886.02625 1022.552 825.06726 664.16225 743.65375 820.1025 895.9 1001.73675
0.00034 2.5e-08 0.01 0.05333 0.1 803.318680142687 631.86 725.315 795.195 874.31 1007.95 836.57378 670.3085 753.8575 829.065 914.1825 1033.91
0.00034 2.5e-08 0.01 0.05333 0.5 815.689275 654.07825 740.0975 809.265 880.25 999.07725 841.82863 672.04075 760.12375 833.26 908.3375 1051.38
0.00034 2.5e-08 0.5 0.05333 0.1 845.69319 669.4715 758.3525 840.1875 917.75625 1059.899 848.85059 670.4845 769.22 838.23 919.3025 1046.29225
0.00034 2.5e-08 0.5 0.05333 0.5 841.900475 672.097 762.1325 832.87 911.84375 1033.3385 849.713295 676.23025 770.91125 841.7925 923.17 1043.389
0.00034 2.5e-08 0.01 0.0667 0.1 809.674375 635.0845 724.79 797.8375 885.86875 1020.8305 841.177945 667.04775 763.43375 831.6025 915.1025 1041.60975
0.00034 2.5e-08 0.01 0.0667 0.5 815.308565 649.799 738.83125 804.2775 889.395 1008.4755 843.5855 668.828 764.8625 841.5475 918.47875 1036.90975
0.00034 2.5e-08 0.5 0.0667 0.1 845.651695 670.36625 769.055 839.415 915.80125 1029.58425 848.980705 677.4825 770.92625 841.975 916.5075 1052.275
0.00034 2.5e-08 0.5 0.0667 0.5 853.348265 672.73125 773.1425 846.375 922.4225 1045.4345 853.92373 677.04925 772.275 849.035 921.8425 1051.089
0.00034 2.5e-08 0.01 0.1334 0.1 827.873335056877 653.7935 748.57 822.01 897.6975 1030.8915 859.555185 680.53775 776.12625 849.47 934.43875 1060.41775
0.00034 2.5e-08 0.01 0.1334 0.5 832.784 659.7245 747.275 825.325 902.275 1042.82775 861.402285 694.5345 775.9975 850.5325 935.4975 1074.423
0.00034 2.5e-08 0.5 0.1334 0.1 867.803025 689.26375 784.0625 858.1575 943.00875 1083.65525 855.776415 694.557 779.1325 846.2575 922.58875 1048.40975
0.00034 2.5e-08 0.5 0.1334 0.5 863.407485 690.79975 784.03375 857.2075 933.3825 1054.2415 857.82786 684.37675 776.14125 848.5 929.66 1057.02025
0.0017 2.5e-08 0.01 0 0.1 601.225128676471 480.43325 538.88875 602.195 652.12125 740.327 589.863156934307 482.171 536.01 579.76 639.38 745.96275
0.0017 2.5e-08 0.01 0 0.5 597.759424119241 467.7415 539.6825 592.3925 651.91875 744.67225 596.186870701513 474.7485 543.125 593.135 643.6625 732.023499999999
0.0017 2.5e-08 0.5 0 0.1 601.225128676471 480.43325 538.88875 602.195 652.12125 740.327 589.863156934307 482.171 536.01 579.76 639.38 745.96275
0.0017 2.5e-08 0.5 0 0.5 597.759424119241 467.7415 539.6825 592.3925 651.91875 744.67225 596.186870701513 474.7485 543.125 593.135 643.6625 732.023499999999
0.0017 2.5e-08 0.01 0.0067 0.1 606.570213675214 478.955 541.8675 601.51 664.5125 760.3725 607.400756457565 477.8165 550.61625 603.5275 663.9275 745.2235
0.0017 2.5e-08 0.01 0.0067 0.5 610.686901260504 483.3355 548.35875 606.6125 666.04125 758.098 614.209790388548 486.6125 554.39375 609.72 665.2 753.218
0.0017 2.5e-08 0.5 0.0067 0.1 607.487469135802 469.3455 549.92 602.76 666.705 747.073 614.421580829757 484.0505 555.83 607.495 668.8575 765.055
0.0017 2.5e-08 0.5 0.0067 0.5 608.425613850997 486.377 550.43 604.87 659.18 752.651 619.134417773238 491.908 560.565 611.245 671.13 764.202
0.0017 2.5e-08 0.01 0.01333 0.1 618.892369565217 477.27625 563.98125 615.025 673.795 763.8725 638.597294264339 512.5625 578.89125 632.1125 693.97125 786.7055
0.0017 2.5e-08 0.01 0.01333 0.5 632.063139418255 493.307 572.155 627.42 687.97 786.398 652.79503 515.6905 587.56375 646.87 711.2525 811.915
0.0017 2.5e-08 0.5 0.01333 0.1 634.388169014084 502.88825 571.965 628.09 690.48875 784.5335 647.383939720129 517.242 585.39 642.325 703.24 798.707
0.0017 2.5e-08 0.5 0.01333 0.5 639.501973947896 506.208 575.51375 635.57 697.535 792.381 656.082855 518.7535 590.2425 651.58 711.1575 813.177
0.0017 2.5e-08 0.01 0.02667 0.1 650.424583952452 494.438 581.11 642.805 714.35 808.683 693.920539979232 542.102 623.42 686.175 754.925 874.136
0.0017 2.5e-08 0.01 0.02667 0.5 672.712415 528.44625 603.5675 663.91 737.585 838.0015 701.9352 545.339 634.7225 698.475 760.29125 876.77025
0.0017 2.5e-08 0.5 0.02667 0.1 682.807380952381 530.916 615.15 677.69 741.955 849.6435 707.66333501006 560.52575 638.75875 705.18 768.56125 878.2405
0.0017 2.5e-08 0.5 0.02667 0.5 690.72481 547.02575 622.535 686.675 750.2175 855.88825 711.843195 561.61175 648.5025 703.55 771.88875 881.59875
0.0017 2.5e-08 0.01 0.05333 0.1 686.624549278846 542.782 619.73 679.5925 742.9275 852.52175 749.371387775551 585.678 667.75875 742.9275 818.9075 946.4145
0.0017 2.5e-08 0.01 0.05333 0.5 701.582205 546.88925 631.37875 694.6575 762.97625 870.23975 752.60336 592.76425 677.21375 746.025 816.80375 934.87775
0.0017 2.5e-08 0.5 0.05333 0.1 746.503198198198 585.8225 667.645 736.435 821.165 933.9765 765.672955 602.6495 692.50875 755.38 831.625 960.17825
0.0017 2.5e-08 0.5 0.05333 0.5 749.082165 598.7 673.35875 741.445 815.42125 923.00225 765.734215 608.2355 699.76 758.7975 832.4225 940.6255
0.0017 2.5e-08 0.01 0.0667 0.1 704.291775114155 548.16125 633.76375 695.305 766.56375 881.76375 768.835955 608.76825 695.345 757.3425 838.445 957.937
0.0017 2.5e-08 0.01 0.0667 0.5 710.035735 561.6115 641.75 705.53 768.28 886.5745 770.361345 608.713 695.17125 762.2675 840.6075 951.71125
0.0017 2.5e-08 0.5 0.0667 0.1 761.559685 600.96875 684.8025 754.495 827.77125 942.641 783.57007 621.93475 711.40375 777.86 848.79875 966.60125
0.0017 2.5e-08 0.5 0.0667 0.5 766.09115 605.991 694.31875 758.5025 835.24875 941.38275 783.26076 620.669 710.595 779.0125 853.76875 963.44025
0.0017 2.5e-08 0.01 0.1334 0.1 744.249495365602 584.595 669.305 739.95 812.535 928.9325 819.26189 641.7185 741.74 808.92 888.8225 1017.918
0.0017 2.5e-08 0.01 0.1334 0.5 750.102315 591.521 674.55125 742.215 812.41375 940.822 808.669235 650.7445 725.91375 794.2175 879.3025 999.053
0.0017 2.5e-08 0.5 0.1334 0.1 814.577935 649.51425 734.6325 805.495 883.65625 1014.10225 819.46077 654.44775 741.965 807.7475 886.65375 1014.3865
0.0017 2.5e-08 0.5 0.1334 0.5 812.249295 648.89775 735.8825 802.2575 878.46375 1003.5155 820.84085 662.9825 743.8775 814.8175 883.63375 1011.74525
0.0034 2.5e-08 0.01 0 0.1 583.838923611111 468.3365 531.39625 581.125 631.9725 725.00075 582.665392857143 465.06675 531.23875 579.6475 630.12625 708.1335
0.0034 2.5e-08 0.01 0 0.5 579.464700557103 450.71575 525.66375 577.47 632.39375 712.73125 578.877713884993 461.875 528.715 575.995 625.04 701.328
0.0034 2.5e-08 0.5 0 0.1 583.838923611111 468.3365 531.39625 581.125 631.9725 725.00075 582.665392857143 465.06675 531.23875 579.6475 630.12625 708.1335
0.0034 2.5e-08 0.5 0 0.5 579.464700557103 450.71575 525.66375 577.47 632.39375 712.73125 578.877713884993 461.875 528.715 575.995 625.04 701.328
0.0034 2.5e-08 0.01 0.0067 0.1 577.552317784257 458.156 522.2525 569.125 626.6475 728.749 583.008576233184 468.96875 535.00125 578.54 634.595 711.95125
0.0034 2.5e-08 0.01 0.0067 0.5 586.944614955357 467.305 531.75625 586.0925 635.27875 714.0925 585.290906680806 468.2975 531.955 578.89 639.82 716.1255
0.0034 2.5e-08 0.5 0.0067 0.1 578.880524193548 452.62375 524.995 574.5425 629.67 722.90625 584.152778716216 469.572 534.36625 580.7925 631.6075 711.92925
0.0034 2.5e-08 0.5 0.0067 0.5 581.671741321389 464.654 527.275 579.15 631.195 713.966 587.117748414376 464.52 531.29625 580.695 637.4325 722.8025
0.0034 2.5e-08 0.01 0.01333 0.1 582.037290697674 464.19975 529.62 576.85 626.18125 720.47825 590.638134228188 468.807 539.47 587.28 640.455 718.408
0.0034 2.5e-08 0.01 0.01333 0.5 595.71451758794 472.8525 538.7525 588.455 647.485 743.2515 599.548813813814 479.749 542.4425 596.02 649.205 734.012
0.0034 2.5e-08 0.5 0.01333 0.1 587.632221518987 472.0005 534.73625 584.1875 637.2025 721.82525 597.100497811816 474.30175 544.59625 594.425 643.46625 737.67
0.0034 2.5e-08 0.5 0.01333 0.5 594.345494949495 471.74075 538.64875 587.0625 646.5175 729.0435 601.874225 469.34025 545.32 597.6225 656.8125 739.2305
0.0034 2.5e-08 0.01 0.02667 0.1 598.871866028708 468.6225 537.975 590.385 652.415 749.448 624.219690451207 496.883 563.905 618.975 679.67 771.322
0.0034 2.5e-08 0.01 0.02667 0.5 620.56673 488.77675 558.85625 612.7825 679.20875 775.71275 636.497765 505.48775 575.6125 630.8025 691.82375 787.17025
0.0034 2.5e-08 0.5 0.02667 0.1 616.893095482546 484.0295 557.2925 608.8325 671.525 769.25525 640.309081325301 504.0525 576.7225 634.6725 699.33125 799.00875
0.0034 2.5e-08 0.5 0.02667 0.5 626.844495 490.92325 566.18125 625.2825 683.72875 770.048 641.591145 509.3465 582.15125 636.2725 695.43875 783.36275
0.0034 2.5e-08 0.01 0.05333 0.1 636.529102722772 499.38625 570.92 629.215 700.04875 799.41075 680.758743743744 538.26 613.335 672.215 734.885 854.234
0.0034 2.5e-08 0.01 0.05333 0.5 653.335185 510.97 587.56125 646.3875 708.66625 822.08375 691.88208 550.60225 625.585 683.8125 751.23875 861.03825
0.0034 2.5e-08 0.5 0.05333 0.1 680.827027027027 532.707 614.38 676.595 739.875 847.9955 698.10194 558.85125 631.1825 689.61 755.22125 872.7735
0.0034 2.5e-08 0.5 0.05333 0.5 681.43519 534.54225 615.29375 672.85 744.195 843.90375 703.734695 550.677 634.56875 695.695 766.56125 878.23575
0.0034 2.5e-08 0.01 0.0667 0.1 647.947267981438 514.0445 582.76625 640.39 701.585 822.14825 700.781755 551.08125 633.225 693.68 761.57625 874.2205
0.0034 2.5e-08 0.01 0.0667 0.5 665.849975 524.79275 602.0125 657.94 728.8825 823.86125 709.79228 567.17975 641.67625 702.905 770.8725 880.805
0.0034 2.5e-08 0.5 0.0667 0.1 694.60088 545.82775 623.3725 686.6575 757.05375 850.3225 723.249045 573.032 650.83125 715.9475 785.68875 898.44925
0.0034 2.5e-08 0.5 0.0667 0.5 701.811705 556.58225 636.4675 696.895 762.43 865.3615 725.89618 569.09725 654.25625 719.3425 789.32625 899.138
0.0034 2.5e-08 0.01 0.1334 0.1 690.215844559586 543.171 618.99 687.86 751.075 869.489 759.923495 598.12425 693.39 748.34 827.20875 932.5375
0.0034 2.5e-08 0.01 0.1334 0.5 703.089815 550.48725 631.41375 695.255 766.3675 879.71425 765.87547 610.5155 691.4575 763.965 824.67125 943.16425
0.0034 2.5e-08 0.5 0.1334 0.1 767.351725 601.2575 688.79375 760.085 839.275 960.275 785.047845 619.70125 712.86375 779.2625 849.075 969.87775
0.0034 2.5e-08 0.5 0.1334 0.5 761.845065 600.24575 692.87625 752.87 829.3375 939.5705 786.79807 627.86775 705.0325 779.15 855.92875 973.4965
