m r d s f D_dxy_mean D_dxy_quantile0.05 D_dxy_quantile0.25 D_dxy_quantile0.50 D_dxy_quantile0.75 D_dxy_quantile0.95 HD_dxy_mean HD_dxy_quantile0.05 HD_dxy_quantile0.25 HD_dxy_quantile0.50 HD_dxy_quantile0.75 HD_dxy_quantile0.95
0 2.5e-07 0.01 0 0.001 873.9515 828.8335 844.70375 881.745 902.64125 914.96025 723.4525 717.86125 720.34625 723.4525 726.55875 729.04375
0 2.5e-07 0.01 0 0.01 875.863043478261 803.04375 850.4025 871.7 902.84375 951.17125 780.14925 729.19375 753.4225 766.7225 807.38375 847.11675
0 2.5e-07 0.01 0 0.1 874.364796610169 813.862 845.705 873.83 901.08 935.1675 776.756226415094 713.822 750.29 777.34 800.305 837.84
0 2.5e-07 0.01 0 0.5 874.090125470514 808.663 847.28 872.93 899.61 939.544 779.56668767507 713.6295 750.63 780.1 806.56375 845.34525
0 2.5e-07 0.5 0 0.001 873.9515 828.8335 844.70375 881.745 902.64125 914.96025 723.4525 717.86125 720.34625 723.4525 726.55875 729.04375
0 2.5e-07 0.5 0 0.01 875.863043478261 803.04375 850.4025 871.7 902.84375 951.17125 780.14925 729.19375 753.4225 766.7225 807.38375 847.11675
0 2.5e-07 0.5 0 0.1 874.364796610169 813.862 845.705 873.83 901.08 935.1675 776.756226415094 713.822 750.29 777.34 800.305 837.84
0 2.5e-07 0.5 0 0.5 874.090125470514 808.663 847.28 872.93 899.61 939.544 779.56668767507 713.6295 750.63 780.1 806.56375 845.34525
0 2.5e-07 0.01 0.0067 0.001 875.5685 830.62475 846.38125 882.5075 902.64125 916.34675 767.0025 741.96225 753.09125 767.0025 780.91375 792.04275
0 2.5e-07 0.01 0.0067 0.01 874.594468085106 815.534 851.0575 866.9 898.35 950.6755 778.045234375 720.953 738.83125 768.36 810.73625 869.63575
0 2.5e-07 0.01 0.0067 0.1 872.573679012346 804.24 843.36 868.695 904.4 941.454 777.431956521739 708.368 751.7825 777.22 804.56 845.9215
0 2.5e-07 0.01 0.0067 0.5 872.140984771574 810.662 847.43 872.595 896.01 932.228 780.569730142566 715.10675 753.2075 780 806.75375 848.8
0 2.5e-07 0.5 0.0067 0.001 872.330909090909 826.8975 843.3625 879.5 897.2225 918.3425 791.36 772.376 776.5 781.655 801.3675 817.1375
0 2.5e-07 0.5 0.0067 0.01 872.203798076923 819.5575 844.24125 865.5275 897.7925 940.8325 776.88 718.1175 748.09 769.6375 798.09 855.06375
0 2.5e-07 0.5 0.0067 0.1 872.19031107739 811.037 847.1275 873.45 896.8175 933.071 780.336981132075 712.185 751.18875 777.825 810.57375 854.52625
0 2.5e-07 0.5 0.0067 0.5 872.479227272727 810.02625 845.9275 870.05 898.79625 939.61 780.863216463415 716.6475 752.91875 778.855 809.3075 846.71
0 2.5e-07 0.01 0.01333 0.001 872.771666666667 832.159 856.66 880.905 886.385 912.185 779.427857142857 744.1265 752.85 797.375 799.995 806.4725
0 2.5e-07 0.01 0.01333 0.01 872.433923076923 815.051 844.79 868.15 901.97 931.682 783.583980582524 714.466 752.335 780.035 814.14 864.964
0 2.5e-07 0.01 0.01333 0.1 872.60599009901 809.391 845.945 872.1 899.555 938.281 777.237173913044 710.592 748.695 778.135 804.07 846.849
0 2.5e-07 0.01 0.01333 0.5 873.156971971972 803.6225 846.745 873.78 898.4075 939.3675 780.782175 713.325 751.8425 779.6625 809.205 850.35875
0 2.5e-07 0.5 0.01333 0.001 871.159705882353 829.881 855.205 869.58 887.885 905.724 772.182777777778 709.9505 753.5325 777.1575 803.7525 827.0975
0 2.5e-07 0.5 0.01333 0.01 870.175053191489 814.37275 841.70125 868.2425 897.93375 933.65225 785.18631097561 715.87825 756.6 780.4775 810.95125 861.7405
0 2.5e-07 0.5 0.01333 0.1 870.423528064147 809.479 846.12 869 895.135 935.108 780.200277777778 715.21075 753.80125 779.72 807.58625 848.2995
0 2.5e-07 0.5 0.01333 0.5 872.256155 807.75425 844.99125 872.4 899.08375 940.75625 780.45388 714.9145 753.4225 779.75 807.65625 845.0085
0 2.5e-07 0.01 0.02667 0.001 865.6845 818.59775 835.855 865.4775 885.58125 921.579 763.495 703.56175 748.78125 757.465 795.27125 817.01725
0 2.5e-07 0.01 0.02667 0.01 873.799946236559 814.949 846.125 870.385 898.86 948.846 783.777216216216 717.831 751.97 781.825 814.095 854.727
0 2.5e-07 0.01 0.02667 0.1 871.938597560976 813.08625 843.68625 871.055 897.0775 933.71875 777.762694877506 710.86125 748.30375 776.9825 805.86625 846.71925
0 2.5e-07 0.01 0.02667 0.5 872.965645 812.17725 845.92625 873.0175 899.655 936.308 781.72572 714.88175 754.9025 779.93 809.22875 852.42075
0 2.5e-07 0.5 0.02667 0.001 862.557586206897 805.136 841.15 870.545 886.385 909.236 774.89734375 730.75675 750.55625 776.025 800.825 825.023
0 2.5e-07 0.5 0.02667 0.01 871.441706231454 810.39 846.16 869.995 896.82 939.647 782.466570945946 724.01625 754.8375 780.48 807.10375 847.66875
0 2.5e-07 0.5 0.02667 0.1 871.336194105691 808.43825 843.62625 871.1975 899.68125 933.997 780.33627430911 713.559 751.585 778.75 806.035 854.564
0 2.5e-07 0.5 0.02667 0.5 873.901075 811.867 847.9925 872.22 898.56 941.49175 779.544595 713.595 751.255 779.3175 806.60625 848.2175
0 2.5e-07 0.01 0.05333 0.001 868.131363636364 814.455 851.4075 867.645 884.7775 921.135 781.85015625 711.9685 754.71125 787.885 811.47875 849.165
0 2.5e-07 0.01 0.05333 0.01 870.26884 807.504 840.095 862.705 900.12 941.224 780.698417721519 717.41875 757.58875 779.785 806.525 847.3575
0 2.5e-07 0.01 0.05333 0.1 872.497069795427 811.115 846.8 870.07 900.12 934.8125 780.197038539554 709.84625 750.25375 779.0725 807.49125 850.7675
0 2.5e-07 0.01 0.05333 0.5 872.256015 812.5965 845.195 872.1525 899.1025 938.76175 779.710855 713.37925 752.1625 779.7775 806.1775 845.324
0 2.5e-07 0.5 0.05333 0.001 866.626851851852 816.6065 839.15375 864.515 896.2375 925.031 782.672734375 711.337 753.9075 781.02 810.75875 846.51075
0 2.5e-07 0.5 0.05333 0.01 874.125209090909 813.7025 846.83375 873.095 898.5925 939.95425 778.521842610365 711.33 749.105 778.685 807.16 851.545
0 2.5e-07 0.5 0.05333 0.1 872.16684 808.661 845.5975 872.085 898.04625 934.059 779.758291583166 705.21325 750.48375 779.18 809.07 853.72225
0 2.5e-07 0.5 0.05333 0.5 872.971095 807.4925 846.72125 872.095 898.775 938.8465 779.06039 712.13175 751.86375 778.2275 806.88875 847.15775
0 2.5e-07 0.01 0.0667 0.001 878.611666666667 830.1175 875.35125 878.7225 890.73125 913.88975 782.865348837209 727.8845 752.685 779.475 805.12 848.9545
0 2.5e-07 0.01 0.0667 0.01 869.146893939394 812.20325 844.96375 867.275 890.765 933.5005 779.740939153439 714.65575 747.4575 777.45 814.61375 848.543
0 2.5e-07 0.01 0.0667 0.1 873.109208715596 815.02625 848.1325 871.1675 899.3075 938.65025 780.280982862903 712.512 752.4825 779.2625 807.1875 851.21875
0 2.5e-07 0.01 0.0667 0.5 873.06113 805.16775 846.5725 872.8475 899.67625 937.74025 779.24213 711.40775 749.75375 779.9475 806.71875 849.09875
0 2.5e-07 0.5 0.0667 0.001 873.026397058823 807.23125 842.46 877.1175 898.6675 947.9565 785.747756410256 725.2605 757.2675 785.7375 810.94125 855.12925
0 2.5e-07 0.5 0.0667 0.01 871.418820224719 810.671 844.24 868.085 898.145 938.388 780.021808510638 715.2975 749.95 780.675 807.85 849.3975
0 2.5e-07 0.5 0.0667 0.1 872.05243 806.714 844.54125 869.9 900.045 940.0915 779.586725 709.9385 751.36125 778.19 809.0675 849.03025
0 2.5e-07 0.5 0.0667 0.5 874.101645 811.93125 847.0325 872.84 901.0125 939.37075 779.50686 715.92325 750.40125 776.345 807.27875 854.93375
0 2.5e-07 0.01 0.1334 0.001 853.036785714286 803.2685 825.3875 855.35 882.40375 895.0535 782.107228915663 712.349 752.79 777.93 810.8125 849.333
0 2.5e-07 0.01 0.1334 0.01 868.619679144385 801.315 841.84 868.59 893.4125 938.809 780.071519607843 711.51 750.56875 779.8525 807.915 851.6615
0 2.5e-07 0.01 0.1334 0.1 872.625010362694 813.506 846.58 870.895 898.325 938.606 781.420905 718.85975 751.555 779.9675 809.465 851.1185
0 2.5e-07 0.01 0.1334 0.5 873.29675 811.9585 846.6375 871.8425 898.7775 941.5825 781.1631 714.46375 753.85 780.4375 808.075 848.747
0 2.5e-07 0.5 0.1334 0.001 871.363965517241 808.02625 836.61875 876.2475 900.1975 936.4725 780.327965517241 710.223 751.57 776.02 808.82 850.044
0 2.5e-07 0.5 0.1334 0.01 871.222084785134 807.41 841.02 869.695 898.175 942.31 780.508021582734 708.829 748.87125 778.2275 810.53 854.39
0 2.5e-07 0.5 0.1334 0.1 870.80214 811.52475 842.97875 868.985 896.795 938.303 780.818575 712.95225 749.8025 779.26 810.7725 851.40425
0 2.5e-07 0.5 0.1334 0.5 873.81281 808.85075 846.99125 874.4275 900.43 941.4155 781.1984 717.23675 751.91875 781.6225 809.73 844.56525
0.00034 2.5e-07 0.01 0 0.001 681.606875 622.625 666.72375 688.2725 703.21 725.0785 608.156 589.166 595.73 597.82 620.8 635.284
0.00034 2.5e-07 0.01 0 0.01 692.403510638298 624.4435 675.305 690.875 714.57 758.596 595.927674418605 539.1085 571.46 598.91 616.95 653.0885
0.00034 2.5e-07 0.01 0 0.1 689.137695035461 632.53525 663.61875 685.88 712.2125 747.6235 597.858841698842 529.4125 565.925 600.08 626.2625 669.6095
0.00034 2.5e-07 0.01 0 0.5 693.993309492848 633.474 669.98 695.25 718.02 755.724 595.520833333333 527.72025 565.7675 595.635 623.1525 665.51625
0.00034 2.5e-07 0.5 0 0.001 681.606875 622.625 666.72375 688.2725 703.21 725.0785 608.156 589.166 595.73 597.82 620.8 635.284
0.00034 2.5e-07 0.5 0 0.01 692.403510638298 624.4435 675.305 690.875 714.57 758.596 595.927674418605 539.1085 571.46 598.91 616.95 653.0885
0.00034 2.5e-07 0.5 0 0.1 689.137695035461 632.53525 663.61875 685.88 712.2125 747.6235 597.858841698842 529.4125 565.925 600.08 626.2625 669.6095
0.00034 2.5e-07 0.5 0 0.5 693.993309492848 633.474 669.98 695.25 718.02 755.724 595.520833333333 527.72025 565.7675 595.635 623.1525 665.51625
0.00034 2.5e-07 0.01 0.0067 0.001 680.7275 655.64375 659.59 680.6375 697.22625 709.00875 619.349375 587.9625 595.55875 603.15 627.78375 683.062
0.00034 2.5e-07 0.01 0.0067 0.01 692.349479166667 632.3305 673.16625 690.565 714.88625 748.66975 612.860909090909 556.446 585.265 611.835 642.89 679.01
0.00034 2.5e-07 0.01 0.0067 0.1 698.206435897436 639.08775 672.90625 698.455 720.56125 763.9435 614.746354775828 548.198 586.335 613.435 641.875 687.212
0.00034 2.5e-07 0.01 0.0067 0.5 704.387034764826 644.32325 678.8375 702.605 729.83125 766.9865 618.14913599182 551.93175 587.1375 618.7275 646.25125 688.30675
0.00034 2.5e-07 0.5 0.0067 0.001 689.879090909091 636.0025 670.1375 700.445 708.0925 737.095 607.917727272727 565.295 583.4275 611.03 620.7875 661.3525
0.00034 2.5e-07 0.5 0.0067 0.01 700.129946236559 643.482 669.195 703.31 720.095 760.815 619.650491071429 548.12225 592.47875 617.135 644.495 689.6995
0.00034 2.5e-07 0.5 0.0067 0.1 704.220539452496 647.155 678.805 703.475 729.825 764.195 617.968439542484 551.58025 588.65375 618.06 646.57125 686.22975
0.00034 2.5e-07 0.5 0.0067 0.5 706.478793103448 644.39 679.30375 705.4575 733.6575 769.6725 619.569111111111 548.82175 590.56 618.445 647.52 691.45975
0.00034 2.5e-07 0.01 0.01333 0.001 677.547857142857 648.3505 663.9675 681.605 695.18 698.558 622.547727272727 557.8125 584.75 634.89 661.93 685.1
0.00034 2.5e-07 0.01 0.01333 0.01 705.165 661.3675 683.23 699.615 725.34 755.63 632.907442748092 567.315 602.7075 626.56 662.62 707.0425
0.00034 2.5e-07 0.01 0.01333 0.1 709.160613496933 645.74 682.9 708.53 734.49 772.951 631.000262793914 560.901 599.1575 629.39 660 703.282
0.00034 2.5e-07 0.01 0.01333 0.5 713.28974974975 650.262 686.545 713.035 738.22 779.155 634.849245 564.90625 604.2225 632.0025 663.6975 707.374
0.00034 2.5e-07 0.5 0.01333 0.001 711.581944444444 663.119 692.65875 710.6175 730.485 765.6065 620.58 584.21375 590.24125 601.1625 648.0775 701.15625
0.00034 2.5e-07 0.5 0.01333 0.01 715.473641618497 663.236 693.435 714.485 734.86 777.198 634.499552238806 567.965 607.385 635.34 661.89 711.76
0.00034 2.5e-07 0.5 0.01333 0.1 714.948279069767 654.57025 690.685 714.7775 738.93125 777.9855 634.943325608343 561.3215 605.09 634.01 665.2875 707.207
0.00034 2.5e-07 0.5 0.01333 0.5 716.76952 651.3595 690.3 715.5625 741.45875 786.02325 637.159645 568.94 608.87125 636.19 662.8975 709.35275
0.00034 2.5e-07 0.01 0.02667 0.001 721.709545454545 669.2025 700.1725 712.81 751.0325 780.1625 663.021764705882 583.698 604.91 676.2 688.565 758.664
0.00034 2.5e-07 0.01 0.02667 0.01 722.454109589041 664.406 695.54 719.89 747.37 784.288 659.230435779817 590.164 629.33625 660.855 688.58875 728.76875
0.00034 2.5e-07 0.01 0.02667 0.1 723.678906497623 657.3075 699.065 722.24 748.0725 792.0575 653.774341517857 578.2 622.1525 650.9325 686.44625 729.99625
0.00034 2.5e-07 0.01 0.02667 0.5 725.525455 666.37275 700.46875 723.6275 750.7125 784.6435 659.967605 589.073 630.405 658.5425 689.7175 732.20325
0.00034 2.5e-07 0.5 0.02667 0.001 729.121833333333 675.428 706.50875 724.865 749.38625 796.0485 652.656206896552 586.114 609.8 632.965 699.805 745.046
0.00034 2.5e-07 0.5 0.02667 0.01 734.415288461538 680.10475 705.405 731.8925 758.905 795.70675 661.321242774566 582.73875 629.8825 659.3875 697.33625 746.3525
0.00034 2.5e-07 0.5 0.02667 0.1 734.213569246436 672.476 708.2075 732.42 758.27625 802.8675 659.567147208122 582.688 627.115 658.245 691.315 736.884
0.00034 2.5e-07 0.5 0.02667 0.5 736.25922 676.28125 710.5975 734.3 760.16375 802.662 663.692535 595.47825 635.02375 661.8575 692.8625 734.07775
0.00034 2.5e-07 0.01 0.05333 0.001 718.628571428571 648.02675 705.17625 722.4925 740.28125 766.7965 680.2109375 593.824 627.4825 683.9375 722.94875 779.54925
0.00034 2.5e-07 0.01 0.05333 0.01 732.657067307692 683.243 708.18 725.005 754.00125 801.7035 684.088289085546 610.453 655.1675 679.835 712.01 764.5835
0.00034 2.5e-07 0.01 0.05333 0.1 738.712361282367 670.3 709.8975 738.905 766.975 807.0875 683.614116751269 608.934 651.51 682.825 713.29 765.619
0.00034 2.5e-07 0.01 0.05333 0.5 739.09248 675.21625 712.34 737.7575 767.15375 805.491 686.07242 615.3675 655.31375 686.2025 715.75625 759.1505
0.00034 2.5e-07 0.5 0.05333 0.001 762.216057692308 683.966 731.10625 764.1975 789.64625 848.5655 693.437894736842 591.091 667.13 702.71 724.44 776.78
0.00034 2.5e-07 0.5 0.05333 0.01 757.626865671642 691.89375 729.5975 756.6175 786.10875 824.03875 695.252519379845 626.83375 663.09625 694.6925 723.85 779.44
0.00034 2.5e-07 0.5 0.05333 0.1 759.75573 694.337 734.53875 758.51 785.0525 827.37 690.772572572573 617.4255 658.1325 688.49 721.2875 769.973
0.00034 2.5e-07 0.5 0.05333 0.5 758.716215 693.565 731.125 757.6375 784.76875 826.0605 692.43597 616.85175 661.4725 691.52 722.2875 771.82925
0.00034 2.5e-07 0.01 0.0667 0.001 722.087666666667 678.489 700.5725 726.105 739.7825 762.248 687.083684210526 605.278 655.4025 693.1325 715.74875 773.01775
0.00034 2.5e-07 0.01 0.0667 0.01 737.978292682927 681.5755 712.07 732.255 762.765 795.812 694.0824875 618.468 660.33875 693.4475 724.09125 773.9735
0.00034 2.5e-07 0.01 0.0667 0.1 743.685092165899 681.08975 717.79625 743.4075 770.1575 807.8995 693.713629518072 612.2525 663.21375 693.5475 725.0575 774.8225
0.00034 2.5e-07 0.01 0.0667 0.5 747.752 682.42825 717.10875 747.2 776.04875 819.1155 695.551775 623.48525 663.7975 696.3025 725.24625 770.531
0.00034 2.5e-07 0.5 0.0667 0.001 767.04796875 690.3475 735.795 766.125 797.74625 844.211 691.665746268657 598.654 652.67 702.745 726.785 773.661
0.00034 2.5e-07 0.5 0.0667 0.01 766.636853377265 703.195 738.8675 766.27 792.0725 831.1565 700.356511824324 627.87875 667.3725 698.1225 730.57375 779.9315
0.00034 2.5e-07 0.5 0.0667 0.1 768.71274 702.2125 741.40125 767.07 796.8475 838.61825 700.636405 625.6155 666.8475 699.7075 734.65125 778.8775
0.00034 2.5e-07 0.5 0.0667 0.5 770.757065 708.07475 743.61625 770.9025 797.7925 835.5625 699.7684 625.78725 668.40375 698.485 728.80875 778.171
0.00034 2.5e-07 0.01 0.1334 0.001 743.976111111111 686.171 714.5475 735.9825 767.46375 835.796 715.30125 623.87675 674.5625 719.2975 756.26375 790.238
0.00034 2.5e-07 0.01 0.1334 0.01 755.454226190476 694.18625 720.1275 756.8925 786.89875 822.96625 719.402777777778 641.395 687.895 718.07 751.345 799.745
0.00034 2.5e-07 0.01 0.1334 0.1 760.663340270552 691.585 733.44 760.2 786.445 832.44 722.09178 648.078 691.18875 719.22 752.1325 803.5985
0.00034 2.5e-07 0.01 0.1334 0.5 760.955365 697.3525 734.095 761.195 784.92375 827.05775 721.89898 646.31775 690.37625 722.7625 751.23 800.291
0.00034 2.5e-07 0.5 0.1334 0.001 793.970573770492 725.39025 762.9875 790.05 820.5675 869.63575 734.922298387097 660.86975 700.25375 736.08 774.595 813.42125
0.00034 2.5e-07 0.5 0.1334 0.01 797.687612121212 730.598 772.065 798.905 823.865 859.411 726.229599282297 653.345 696.5775 725.47 755.61 805.7925
0.00034 2.5e-07 0.5 0.1334 0.1 795.09896 725.36175 766.97625 794.7075 822.765 863.1585 729.733905 653.698 700.31 728.14 759.46625 803.2485
0.00034 2.5e-07 0.5 0.1334 0.5 798.127095 729.8895 770.925 797.46 823.55 868.73625 730.800715 658.2965 700.72875 729.595 760.72875 805.9035
0.0017 2.5e-07 0.01 0 0.001 580.24 547.495 561.435 594.27 599.32 601.596 483.914166666667 447.2825 452.37375 481.0675 501.86375 532.9275
0.0017 2.5e-07 0.01 0 0.01 590.798918918919 536.59 574.38 595.32 608.305 635.559 493.71775862069 467.693 480.53 492.05 498.735 528.336
0.0017 2.5e-07 0.01 0 0.1 595.008815789474 550.7475 577.93875 595.2225 611.945 643.00225 487.400751072961 433.672 464.82 489.685 508.19 536.151
0.0017 2.5e-07 0.01 0 0.5 590.89076462766 548.0085 573.14875 589.86 608.085 637.64575 488.261838235294 440.59425 467.18875 488.9925 508.27625 537.261
0.0017 2.5e-07 0.5 0 0.001 580.24 547.495 561.435 594.27 599.32 601.596 483.914166666667 447.2825 452.37375 481.0675 501.86375 532.9275
0.0017 2.5e-07 0.5 0 0.01 590.798918918919 536.59 574.38 595.32 608.305 635.559 493.71775862069 467.693 480.53 492.05 498.735 528.336
0.0017 2.5e-07 0.5 0 0.1 595.008815789474 550.7475 577.93875 595.2225 611.945 643.00225 487.400751072961 433.672 464.82 489.685 508.19 536.151
0.0017 2.5e-07 0.5 0 0.5 590.89076462766 548.0085 573.14875 589.86 608.085 637.64575 488.261838235294 440.59425 467.18875 488.9925 508.27625 537.261
0.0017 2.5e-07 0.01 0.0067 0.001 603.266 571.634 591.13 605.065 625.61 627.334 479.340833333333 447.46875 451.39875 480.1175 506.84125 510.60125
0.0017 2.5e-07 0.01 0.0067 0.01 589.656785714286 543.60875 567.44125 592.885 610.1925 632.05925 492.726120689655 448.8445 478.2575 491.4875 506.14875 547.2315
0.0017 2.5e-07 0.01 0.0067 0.1 593.086570247934 547.4785 574.6825 591.875 612.37 639.5895 495.218119266055 446.43625 476.93875 494.8325 513.51875 542.56125
0.0017 2.5e-07 0.01 0.0067 0.5 595.783052016985 549.97175 577.2175 595.56 613.815 640.78725 494.689353448276 446.56875 473.26 494.9575 514.49375 546.69525
0.0017 2.5e-07 0.5 0.0067 0.001 602.200714285714 558.0965 579.28 602.72 622.9175 651.371 494.741 459.764 483.86875 491.5425 501.64875 538.11325
0.0017 2.5e-07 0.5 0.0067 0.01 601.37891025641 552.10325 586.755 602.1875 617.94 645.469 493.635063291139 446.228 470.475 494.26 514.13 551.761
0.0017 2.5e-07 0.5 0.0067 0.1 595.59177919708 552.94075 574.2625 593.87 614.835 644.8645 494.530756227758 442.7855 474.74375 495.0825 513.73125 542.73775
0.0017 2.5e-07 0.5 0.0067 0.5 594.831917372881 550.64775 575.87 595.035 612.325 639.846 493.688080213904 445.7645 472.2825 492.395 515.035 548.5935
0.0017 2.5e-07 0.01 0.01333 0.001 599.123 579.653 588.765 601.53 608.63 617.178 493.249285714286 455.2735 477.73875 498.54 511.0875 528.4825
0.0017 2.5e-07 0.01 0.01333 0.01 596.596063829787 542.347 585.865 595.695 610.245 633.493 499.552212389381 450.855 474.935 500.085 519.125 551.958
0.0017 2.5e-07 0.01 0.01333 0.1 596.703943514644 550.30225 577.55125 595.64 616.16625 648.4615 500.982316176471 449.00325 479.21625 501 521.69 555.0945
0.0017 2.5e-07 0.01 0.01333 0.5 599.132640280561 555.17775 580.20125 599.5375 616.525 645.135 502.53311 451.9975 481.78375 502.0675 523.42125 553.67325
0.0017 2.5e-07 0.5 0.01333 0.001 595.587272727273 574.2475 584.405 597.58 604.8375 615.59 496.733947368421 462.131 482.07 494.68 514.7175 525.0265
0.0017 2.5e-07 0.5 0.01333 0.01 599.103639053254 557.226 581.41 601.4 616.72 643.021 507.121291208791 450.367 486.53375 506.67 527.61125 562.2025
0.0017 2.5e-07 0.5 0.01333 0.1 599.501146572104 552.865 580.54625 599.4175 618.93625 645.27 501.902857995227 454.97175 481.83625 501.3475 520.92375 552.0585
0.0017 2.5e-07 0.5 0.01333 0.5 599.31375 553.82925 579.79125 598.405 619.685 646.277 504.276866866867 452.3935 483.865 502.605 524.63 559.3985
0.0017 2.5e-07 0.01 0.02667 0.001 600.418888888889 576.585 583.865 595.115 615.69 633.409 513.41 468.83 494.06625 507.3575 535.7625 557.64575
0.0017 2.5e-07 0.01 0.02667 0.01 603.092602739726 556.342 581.005 603.755 624.55 657.201 521.281642512077 469.8495 497.7 520.4 542.345 572.5725
0.0017 2.5e-07 0.01 0.02667 0.1 603.67155624037 555.371 583.305 603.795 624.335 649.765 516.503662597114 460.43 493.825 516.325 537.8 572.755
0.0017 2.5e-07 0.01 0.02667 0.5 604.47135 558.06425 583.93 604.0875 624.70625 658.1475 520.901455 466.1975 498.5425 520.0425 541.78875 577.92775
0.0017 2.5e-07 0.5 0.02667 0.001 608.512962962963 564.9285 594.045 610.665 627.3125 645.2635 519.319333333333 459.6965 493.29125 513.9125 548.6925 575.5315
0.0017 2.5e-07 0.5 0.02667 0.01 607.648150470219 559.4335 590.3675 606.92 626.2575 653.4795 525.111082317073 470.225 503.275 525.4725 547.71875 579.88475
0.0017 2.5e-07 0.5 0.02667 0.1 610.624167517875 563.6785 588.73 610.035 632.0425 661.1255 523.60450610998 469.07 500.10375 524.29 547.04625 576.85425
0.0017 2.5e-07 0.5 0.02667 0.5 611.395125 565.246 591.94875 610.305 631.88 659.4335 524.521815 470.00625 502.8425 522.9425 546.1725 583.29875
0.0017 2.5e-07 0.01 0.05333 0.001 603.731818181818 571.11 582.7275 600.045 624.2825 639.9425 531.6853125 460.483 500.78875 525.37 568.55625 596.341
0.0017 2.5e-07 0.01 0.05333 0.01 605.032155963303 560.101 578.09 608.075 626.04 653.15 543.87632218845 484.463 518.635 543.315 567.285 611.638
0.0017 2.5e-07 0.01 0.05333 0.1 610.694203980099 560.96975 589.02 610.705 631.56375 662.5875 544.926215666328 486.657 520.2775 543.845 568.4 605.4665
0.0017 2.5e-07 0.01 0.05333 0.5 611.81431 560.41075 591.61875 612.38 633.4325 659.89325 545.40085 488.52425 520.14 545.6625 569.2225 603.79
0.0017 2.5e-07 0.5 0.05333 0.001 635.454081632653 595.745 615.12 635.49 656.085 683.856 544.578245614035 472.332 517.025 551.68 569.72 617.104
0.0017 2.5e-07 0.5 0.05333 0.01 627.609322033898 575.525 609.1225 627.505 647.36 673.9725 557.99902173913 497.7225 531.60875 559.37 582.00625 617.58375
0.0017 2.5e-07 0.5 0.05333 0.1 629.40185 579.38975 608.0875 629.735 649.06 682.4195 555.780075075075 500.084 531.01 554.645 580.1075 611.773
0.0017 2.5e-07 0.5 0.05333 0.5 629.383935 581.9635 608.5925 627.18 648.84875 680.748 558.193605 501.34925 532.70125 555.415 582.13 622.394
0.0017 2.5e-07 0.01 0.0667 0.001 608.22625 569.406 594.16 603.5925 625.3325 650.66425 541.946153846154 488.519 513.48 537.98 565.5075 617.8945
0.0017 2.5e-07 0.01 0.0667 0.01 612.312166666667 563.496 595.29125 609.55 629.695 656.279 554.571506329114 495.399 529.2025 555.755 581.4975 615.817
0.0017 2.5e-07 0.01 0.0667 0.1 611.226975524476 563.1665 589.27875 608.88 632.48125 662.084 554.395351758794 496.313 529.8325 554.26 577.3275 614.2075
0.0017 2.5e-07 0.01 0.0667 0.5 615.57933 566.208 595.76125 615.265 635.055 664.55275 558.78566 501.49175 533.50875 557.445 582.45 620.911
0.0017 2.5e-07 0.5 0.0667 0.001 639.342786885246 593.92 621.365 638.655 657.665 691.03 563.200227272727 495.6 543.82375 567.24 587.845 616.9275
0.0017 2.5e-07 0.5 0.0667 0.01 636.178818181818 586.642 614.5 635.975 657.125 688.981 570.367862010221 509.1125 541.7175 569.21 598.2225 635.731
0.0017 2.5e-07 0.5 0.0667 0.1 638.9535 589.755 617.85875 638.15 658.88 691.96075 569.20127 509.89925 545.67125 568.2975 594.35375 629.74625
0.0017 2.5e-07 0.5 0.0667 0.5 639.34079 590.16075 618.4125 638.51 659.27 690.63225 571.939085 516.1975 546.32875 571.8325 595.41625 635.82175
0.0017 2.5e-07 0.01 0.1334 0.001 626.898928571429 584.8765 613.99375 628.2675 648.825 659.64775 596.659520547945 519.628 562.565 605.145 627.005 669.384
0.0017 2.5e-07 0.01 0.1334 0.01 617.537994350282 566.055 596.06 618.685 635.36 670.454 592.98569218241 530.8275 565.8525 591.4225 617.68625 658.624
0.0017 2.5e-07 0.01 0.1334 0.1 622.017626943005 566.823 599.445 622.95 644.98 674.74 596.9321 529.97525 569.70625 594.57 623.595 669.77425
0.0017 2.5e-07 0.01 0.1334 0.5 625.010975 572.095 601.7925 624.1225 647.39875 680.69075 600.04764 533.95225 571.4875 598.495 627.1775 668.0355
0.0017 2.5e-07 0.5 0.1334 0.001 668.763319672131 609.08325 642.5675 669.2775 693.9775 730.74275 611.817024793388 538.33 579.27 612.32 649.16 678.725
0.0017 2.5e-07 0.5 0.1334 0.01 670.41634591961 617.455 646.545 669.835 692.825 728.11 615.346296518607 549.809 585.765 613.44 643.505 686.71
0.0017 2.5e-07 0.5 0.1334 0.1 673.260575 619.35325 650.60375 673.485 695.63875 729.447 616.516125 551.375 587.97 614.615 643.8275 687.42325
0.0017 2.5e-07 0.5 0.1334 0.5 674.62276 619.445 651.4525 674.0975 696.28 730.5535 618.075145 549.70725 589.85625 617.8875 645.57375 687.76725
0.0034 2.5e-07 0.01 0 0.001 559.431875 499.608 518.755 574.34 589.45 609.28475 467.019166666667 444.21375 456.46 472.52 477.00375 483.79
0.0034 2.5e-07 0.01 0 0.01 575.883690476191 532.37375 559.65 578.945 590.8575 609.8585 461.867777777778 428.0715 447.245 461.42 475.295 509.0215
0.0034 2.5e-07 0.01 0 0.1 576.677947761194 529.55125 559.125 577.2 593.41 624.532 468.4035 419.86825 446.35375 465.3875 491.47625 515.941
0.0034 2.5e-07 0.01 0 0.5 573.871351706037 532.4955 555.09375 572.725 591.44375 617.70225 468.532693548387 417.2315 448.63125 468.6475 488.4175 520.22825
0.0034 2.5e-07 0.5 0 0.001 559.431875 499.608 518.755 574.34 589.45 609.28475 467.019166666667 444.21375 456.46 472.52 477.00375 483.79
0.0034 2.5e-07 0.5 0 0.01 575.883690476191 532.37375 559.65 578.945 590.8575 609.8585 461.867777777778 428.0715 447.245 461.42 475.295 509.0215
0.0034 2.5e-07 0.5 0 0.1 576.677947761194 529.55125 559.125 577.2 593.41 624.532 468.4035 419.86825 446.35375 465.3875 491.47625 515.941
0.0034 2.5e-07 0.5 0 0.5 573.871351706037 532.4955 555.09375 572.725 591.44375 617.70225 468.532693548387 417.2315 448.63125 468.6475 488.4175 520.22825
0.0034 2.5e-07 0.01 0.0067 0.001 572.36 543.263 543.455 568.15 597.605 607.021 466.491428571429 436.331 455.2875 475.2 478.495 490.358
0.0034 2.5e-07 0.01 0.0067 0.01 572.874545454545 524.032 557.335 573.6425 587.98125 611.739 465.306136363636 413.2335 451.1425 468.1425 481.945 498.33625
0.0034 2.5e-07 0.01 0.0067 0.1 575.089151234568 534.75525 558.8575 573.76 592.38875 616.50975 470.918575063613 429.533 453.24 469.905 487.27 520.093
0.0034 2.5e-07 0.01 0.0067 0.5 574.585720572057 529.502 555.83 575.14 592.94 619.647 468.500360824742 421.414 448.055 468.3 488.58 516.175
0.0034 2.5e-07 0.5 0.0067 0.001 581.874375 542.746 564.6975 580.565 598.84 623.63125 472.007777777778 448.88 460.105 473.98 484.79 489.309
0.0034 2.5e-07 0.5 0.0067 0.01 575.081642857143 535.94225 556.845 574.3675 592.27875 616.8995 473.579166666667 435.8575 458.39 474.7825 488.40625 515.3875
0.0034 2.5e-07 0.5 0.0067 0.1 575.142654584222 528.827 557.935 574.925 593.45 617.186 470.187020833333 425.21 450.39875 469.1925 488.9525 518.1185
0.0034 2.5e-07 0.5 0.0067 0.5 576.055391061452 533.966 556.335 576.715 594.39 619.554 468.52473173516 423.075 449.00625 468.4425 488.4775 514.99
0.0034 2.5e-07 0.01 0.01333 0.001 581.085 512.5275 570.76 595.535 613.2225 618.2425 474.953076923077 442.169 455.81 481.745 491.835 505.006
0.0034 2.5e-07 0.01 0.01333 0.01 573.422346938775 543.712 555.475 569.61 588.31 609.559 469.206919191919 419.72 451.3025 468.545 488.715 515.6455
0.0034 2.5e-07 0.01 0.01333 0.1 575.327900677201 535.751 557.7875 573.635 592.905 618.2485 472.159500768049 423.0775 451.775 471.565 493.265 518.655
0.0034 2.5e-07 0.01 0.01333 0.5 576.840625 531.20325 558.35125 578.345 593.9575 621.675 472.820115346038 424.82 453.4 472.805 491.765 520.929
0.0034 2.5e-07 0.5 0.01333 0.001 574.1135 539.0965 551.165 576.15 597.8525 606.53925 468.379210526316 427.258 445.605 476.95 484.575 498.346
0.0034 2.5e-07 0.5 0.01333 0.01 577.239509803922 537.339 559.31 577.875 593.09 616.74 476.153664596273 427.405 456.57 476.47 495.16 522.73
0.0034 2.5e-07 0.5 0.01333 0.1 575.204808184143 531.431 554.46875 575.435 595.1825 618.8865 472.743913857678 427.2 452.96 472.585 492.455 520.53
0.0034 2.5e-07 0.5 0.01333 0.5 575.754869215292 531.38775 557.2975 575.8625 593.6875 619.8295 472.802101814516 425.90475 452.56625 471.7175 492.7875 523.52675
0.0034 2.5e-07 0.01 0.02667 0.001 567.250833333333 490.43625 555.61125 579.6525 606.09375 611.46125 477.04 441.587 460.585 481.355 494.075 520.455
0.0034 2.5e-07 0.01 0.02667 0.01 575.43904109589 534.427 563.345 577.8 592.815 609.601 481.04715 428.7965 462.08625 481.9125 501.85375 530.6
0.0034 2.5e-07 0.01 0.02667 0.1 576.239074960128 532.367 557.7925 575.38 594.81 621.842 480.775875706215 430.613 460.235 480.89 501.535 529.299
0.0034 2.5e-07 0.01 0.02667 0.5 578.427625 534.332 560.03625 578.605 596.91625 622.84625 482.15835 432.92825 461.96125 482.11 501.15125 531.134
0.0034 2.5e-07 0.5 0.02667 0.001 586.3824 545.189 567.165 588.875 606.535 623.589 476.8742 431.247 455.115 471.135 495.22 521.713
0.0034 2.5e-07 0.5 0.02667 0.01 580.426746031746 536.587 562.705 579.88 598.6225 621.2545 486.080444444444 437.966 465.78 486.925 505.2225 535.732
0.0034 2.5e-07 0.5 0.02667 0.1 580.420292008197 537.5025 562.74375 580.065 597.985 626.76875 483.183542739444 435.8675 463.5775 481.705 502.0725 533.755
0.0034 2.5e-07 0.5 0.02667 0.5 581.4774 538.21825 562.34375 581.425 599.70875 627.25375 483.783575 435.9065 464.8925 483.3975 503.185 531.8245
0.0034 2.5e-07 0.01 0.05333 0.001 588.431875 565.1465 574.4625 586.7375 600.1425 615.74075 495.307903225806 460.025 479.95 490.12 511.485 538.7925
0.0034 2.5e-07 0.01 0.05333 0.01 575.893691588785 535.6655 559.15 576.645 594.9975 612.8605 493.595694864048 441.235 472.27 492.765 516.2375 544.5775
0.0034 2.5e-07 0.01 0.05333 0.1 579.672913533835 532.7865 560.10625 578.72 600.4775 629.33025 497.408301020408 444.88475 477.06 497.6975 517.52 548.30125
0.0034 2.5e-07 0.01 0.05333 0.5 583.05551 532.73575 563.56875 584.1375 603.39125 629.03375 498.51292 447.68575 475.70375 496.255 520.6375 549.60275
0.0034 2.5e-07 0.5 0.05333 0.001 589.3 547.76 564.9875 583.475 612.37 655.27 503.10701754386 444.207 477.525 499.085 526.2 576.922
0.0034 2.5e-07 0.5 0.05333 0.01 588.688276190476 543.547 570.9 589.14 605.935 633.182 504.888494094488 451.3185 482.2975 506.725 525.81875 558.56875
0.0034 2.5e-07 0.5 0.05333 0.1 590.626881881882 544.1085 572.61 591.145 609.41 636.6305 506.462607607608 452.8895 484.6275 506.4 528.095 558.8245
0.0034 2.5e-07 0.5 0.05333 0.5 592.685735 547.30825 572.8925 593.0075 610.94125 640.51175 507.57705 453.9375 485.7025 506.685 529.46375 560.92125
0.0034 2.5e-07 0.01 0.0667 0.001 583.996666666667 561.511 574.235 576.905 601.835 604.548 501.126052631579 445.72525 483.68625 501.28 519.1575 561.176
0.0034 2.5e-07 0.01 0.0667 0.01 582.49171875 535.00925 566.325 580.825 596.2875 624.78225 502.123145363409 448.766 480.6325 500.86 523.58 555.8545
0.0034 2.5e-07 0.01 0.0667 0.1 581.355069605568 533.49375 561.3725 582.065 599.80375 630.12275 506.006008064516 454.4445 483.69125 505.69 526.97 558.87425
0.0034 2.5e-07 0.01 0.0667 0.5 582.024965 535.6515 563.31625 582.2875 600.8925 627.7615 505.55639 455.7825 483.2675 504.19 528.00375 558.203
0.0034 2.5e-07 0.5 0.0667 0.001 593.6525 556.48075 575.66375 588.7625 616.7875 637.22475 507.099615384615 462.404 480.06 500.29 534.92 573.537
0.0034 2.5e-07 0.5 0.0667 0.01 593.822268041237 547.34675 573.74875 593.6075 613.63125 638.1715 513.955833333333 463.0935 494.9625 512.9725 533.21875 565.672
0.0034 2.5e-07 0.5 0.0667 0.1 596.583895 551.2625 576.48375 596.8625 614.87625 643.7935 515.341311311311 463.649 494.5725 515.495 536.1425 567.701
0.0034 2.5e-07 0.5 0.0667 0.5 597.58084 549.60375 579.01125 597.0725 616.9975 646.2135 519.10043 467.814 496.61 518.4925 539.515 575.303
0.0034 2.5e-07 0.01 0.1334 0.001 588.770416666667 565.355 570.25125 584.145 592.68 637.337 530.039452054795 472.77 504.185 534.53 550.715 582.159
0.0034 2.5e-07 0.01 0.1334 0.01 576.870324324324 531.949 559.055 576.43 597.645 623.227 531.755650406504 475.4645 507.8675 528.985 552.8125 594.0885
0.0034 2.5e-07 0.01 0.1334 0.1 582.95085251046 533.57625 564.04875 582.915 603.29875 632.0675 539.233645 479.41625 515.5375 538.8825 564.73625 596.4385
0.0034 2.5e-07 0.01 0.1334 0.5 586.34975 537.485 565.26625 585.9725 607.81875 637.08 538.15664 478.009 514.46125 539.1725 560.20375 600.557
0.0034 2.5e-07 0.5 0.1334 0.001 615.473048780488 571.9625 595.77 611.12 632.71 669.34 549.541300813008 484.5855 525.7775 554.095 574.22 613.795
0.0034 2.5e-07 0.5 0.1334 0.01 619.531408364084 572.732 599.705 619.26 639.02 667.364 553.088038277512 495.26625 527.23375 554.2325 575.165 610.385
0.0034 2.5e-07 0.5 0.1334 0.1 622.29052 572.24075 600.62375 621.735 642.8625 673.7515 557.67462 499.726 531.85875 556.7575 581.93125 619.1275
0.0034 2.5e-07 0.5 0.1334 0.5 624.380185 577.18075 603.24 622.5375 645.4425 677.0255 560.05583 500.12575 534.07625 560.3775 584.47 622.89975
