m r d s f D_pi1_mean D_pi1_quantile0.05 D_pi1_quantile0.25 D_pi1_quantile0.50 D_pi1_quantile0.75 D_pi1_quantile0.95 HD_pi1_mean HD_pi1_quantile0.05 HD_pi1_quantile0.25 HD_pi1_quantile0.50 HD_pi1_quantile0.75 HD_pi1_quantile0.95
0 2.5e-07 0.01 0 0.001 374.516868421053 322.26947368421 353.213157894737 374.126315789474 394.467105263157 432.340789473684 374.418694736842 319.943421052631 351.453947368421 374.868421052632 397.006578947368 428.841052631579
0 2.5e-07 0.01 0 0.01 372.896526315789 320.139210526316 349.809210526315 373.323684210526 395.153947368421 424.527105263158 374.545078947368 323.775789473684 353.044736842105 374.25 395.547368421053 427.006842105264
0 2.5e-07 0.01 0 0.1 373.754731578947 320.473421052632 349.828947368421 373.044736842106 394.389473684211 431.714736842105 373.052436842105 324.256578947369 351.282894736842 372.6 395.18947368421 423.412631578947
0 2.5e-07 0.01 0 0.5 373.750952631579 322.712105263158 351.657894736842 374.221052631579 393.896052631579 426.529210526315 373.689831578947 321.687105263158 353.211842105263 372.760526315789 394.111842105264 427.137894736842
0 2.5e-07 0.5 0 0.001 374.516868421053 322.26947368421 353.213157894737 374.126315789474 394.467105263157 432.340789473684 374.418694736842 319.943421052631 351.453947368421 374.868421052632 397.006578947368 428.841052631579
0 2.5e-07 0.5 0 0.01 372.896526315789 320.139210526316 349.809210526315 373.323684210526 395.153947368421 424.527105263158 374.545078947368 323.775789473684 353.044736842105 374.25 395.547368421053 427.006842105264
0 2.5e-07 0.5 0 0.1 373.754731578947 320.473421052632 349.828947368421 373.044736842106 394.389473684211 431.714736842105 373.052436842105 324.256578947369 351.282894736842 372.6 395.18947368421 423.412631578947
0 2.5e-07 0.5 0 0.5 373.750952631579 322.712105263158 351.657894736842 374.221052631579 393.896052631579 426.529210526315 373.689831578947 321.687105263158 353.211842105263 372.760526315789 394.111842105264 427.137894736842
0 2.5e-07 0.01 0.0067 0.001 374.521936842105 322.26947368421 353.213157894737 374.33947368421 394.467105263157 432.523421052631 374.232242105263 320.383421052632 351.192105263158 374.702631578947 396.969736842105 428.190789473684
0 2.5e-07 0.01 0.0067 0.01 372.674284210526 320.226842105263 349.615789473684 372.415789473685 395.425 424.442105263157 374.363036842105 323.710263157894 352.93552631579 373.9 395.738157894737 426.983157894737
0 2.5e-07 0.01 0.0067 0.1 371.926647368421 318.942631578947 349.697368421052 371.073684210526 391.832894736842 429.34 370.203231578947 317.918421052631 349.280263157895 369.052631578947 391.936842105263 423.321315789473
0 2.5e-07 0.01 0.0067 0.5 371.780668421053 318.848421052631 350.028947368421 369.444736842105 393.332894736842 425.086578947369 371.688857894737 319.993157894737 349.644736842105 371.405263157895 392.388157894737 425.273684210526
0 2.5e-07 0.5 0.0067 0.001 374.5721 322.26947368421 353.078947368421 374.576315789474 394.513157894737 432.523421052631 374.349168421053 319.532631578947 351.473684210526 374.915789473684 396.969736842105 427.783947368421
0 2.5e-07 0.5 0.0067 0.01 372.159636842105 319.440263157895 349.338157894736 372.473684210526 394.061842105263 424.956842105263 374.357768421053 324.538684210526 352.518421052631 373.776315789474 396.181578947369 427.683684210526
0 2.5e-07 0.5 0.0067 0.1 371.245447368421 320.291052631579 347.8 368.676315789474 393.488157894737 425.459736842105 370.015810526316 318.984210526316 348.982894736842 369.576315789473 391.890789473684 421.119210526316
0 2.5e-07 0.5 0.0067 0.5 373.108305263158 320.851578947369 350.772368421053 372.715789473684 395.588157894737 428.392368421053 372.364768421053 321.588421052632 349.263157894737 371.142105263158 394.180263157895 427.443947368421
0 2.5e-07 0.01 0.01333 0.001 374.469063157895 321.679736842105 353.213157894737 373.85 394.467105263157 432.523421052631 374.334905263158 320.521052631579 351.453947368421 374.868421052632 396.946052631579 427.762894736842
0 2.5e-07 0.01 0.01333 0.01 372.430815789474 321.061842105263 349.398684210526 372.121052631579 394.359210526316 424.706315789474 373.561305263158 322.623157894737 351.851315789473 372.581578947368 395.311842105263 425.921315789473
0 2.5e-07 0.01 0.01333 0.1 371.8773 317.01447368421 348.032894736842 371.73947368421 392.956578947368 428.193421052632 369.888710526316 317.838421052632 348.797368421052 368.365789473684 392.769736842105 420.839736842105
0 2.5e-07 0.01 0.01333 0.5 371.364594736842 322.002105263157 350.256578947368 370.731578947368 392.217105263158 422.310263157895 372.562236842105 321.183157894736 350.825 372.281578947368 393.56447368421 424.657368421053
0 2.5e-07 0.5 0.01333 0.001 374.548426315789 322.45 353.098684210526 374.194736842105 394.552631578947 432.525263157895 374.064926315789 320.384473684211 351.164473684211 374.668421052632 396.702631578947 427.77052631579
0 2.5e-07 0.5 0.01333 0.01 372.071373684211 319.964736842105 349.313157894737 372.668421052632 393.956578947369 424.574473684211 373.529057894737 321.551052631579 352.031578947368 372.892105263158 395.773684210527 427.073157894737
0 2.5e-07 0.5 0.01333 0.1 369.375184210526 317.615263157895 347.807894736842 368.231578947368 391.022368421053 422.247368421053 368.818526315789 315.928947368421 346.947368421053 369.007894736842 391.713157894737 421.858684210526
0 2.5e-07 0.5 0.01333 0.5 372.463542105263 319.998684210527 350.261842105263 371.797368421053 393.669736842105 426.171578947369 372.801557894737 321.701315789473 351.082894736842 371.434210526315 394.581578947368 425.739473684211
0 2.5e-07 0.01 0.02667 0.001 374.555684210526 322.26947368421 353.213157894737 374.386842105263 394.513157894737 432.340789473684 373.9803 319.662105263158 350.98552631579 374.686842105263 396.661842105263 427.692105263157
0 2.5e-07 0.01 0.02667 0.01 372.124242105263 321.141842105263 348.953947368421 372.352631578947 394.393421052632 424.47052631579 372.530042105263 323.13052631579 349.884210526316 371.047368421053 394.709210526316 427.153157894737
0 2.5e-07 0.01 0.02667 0.1 369.617710526316 316.859736842105 347.578947368421 368.163157894737 392.344736842105 426.313947368421 367.817647368421 317.77447368421 346.975 368.192105263158 388.169736842105 417.050789473684
0 2.5e-07 0.01 0.02667 0.5 372.783489473684 322.607105263158 350.784210526316 372.655263157895 393.001315789474 426.218684210526 372.358768421053 320.347105263158 349.526315789474 372.234210526316 393.180263157895 423.976842105263
0 2.5e-07 0.5 0.02667 0.001 374.401936842105 321.711578947368 353.053947368421 373.923684210527 394.544736842105 432.075789473684 373.879252631579 320.413684210526 350.773684210527 373.865789473685 396.436842105263 427.597105263158
0 2.5e-07 0.5 0.02667 0.01 370.265189473684 315.799473684211 346.947368421053 370.084210526316 393.31052631579 423.438421052631 371.6349 321.213421052632 349.271052631579 370.639473684211 393.280263157895 424.422105263158
0 2.5e-07 0.5 0.02667 0.1 368.011010526316 315.15447368421 347.007894736842 366.773684210527 390.806578947368 422.866842105263 368.762473684211 318.093684210527 345.968421052632 368.06052631579 390.942105263158 424.747894736842
0 2.5e-07 0.5 0.02667 0.5 372.700247368421 322.402368421053 348.61447368421 372.9 393.469736842105 424.630526315789 372.711094736842 320.382631578948 352.372368421052 371.244736842105 394.127631578948 425.429736842106
0 2.5e-07 0.01 0.05333 0.001 374.454452631579 322.26947368421 352.734210526316 373.95 394.467105263157 432.340789473684 373.787515789474 319.235263157895 350.621052631579 373.289473684211 396.661842105263 427.787368421053
0 2.5e-07 0.01 0.05333 0.01 371.379610526316 316.92 348.748684210527 370.881578947368 393.706578947368 424.027105263158 369.607121052632 318.085263157895 348.113157894737 367.834210526315 391.781578947368 420.986315789473
0 2.5e-07 0.01 0.05333 0.1 366.751526315789 315.967631578947 344.682894736842 364.657894736842 387.705263157895 422.729210526316 367.491452631579 317.094473684211 346.428947368421 367.021052631579 389.625 420.643684210526
0 2.5e-07 0.01 0.05333 0.5 372.964068421053 322.115263157895 350.557894736842 371.563157894737 394.618421052632 424.763157894736 372.536073684211 322.646052631579 350.06052631579 372.923684210527 392.897368421053 425.442894736842
0 2.5e-07 0.5 0.05333 0.001 373.872063157895 321.460263157895 352.414473684211 373.592105263158 394.196052631579 431.62447368421 373.286773684211 319.532631578947 350.614473684211 372.568421052631 396.119736842105 427.279473684211
0 2.5e-07 0.5 0.05333 0.01 365.8469 313.728947368421 344.306578947369 364.134210526316 388.303947368421 418.291052631579 366.762194736842 318.18447368421 345.355263157895 365.955263157894 388.668421052631 419.308157894737
0 2.5e-07 0.5 0.05333 0.1 367.771863157895 316.431052631579 345.605263157895 366.373684210526 388.413157894737 426.611315789474 368.862236842105 318.289473684211 348.417105263158 369.084210526316 389.877631578947 421.454736842106
0 2.5e-07 0.5 0.05333 0.5 373.360915789474 321.999736842105 350.607894736842 373.092105263158 393.978947368421 427.722894736842 373.097105263158 322.003684210527 351.447368421053 372.142105263158 393.868421052631 428.047631578947
0 2.5e-07 0.01 0.0667 0.001 374.503752631579 322.26947368421 353.047368421053 373.9 394.513157894737 432.340789473684 373.684678947368 319.532631578947 350.626315789474 373.873684210527 396.969736842105 427.22947368421
0 2.5e-07 0.01 0.0667 0.01 371.294689473684 316.986052631579 348.275 371.197368421052 393.075 424.392105263158 367.696984210526 316.065526315789 345.844736842105 366.973684210526 389.653947368421 419.830526315789
0 2.5e-07 0.01 0.0667 0.1 366.606052631579 314.901578947368 346.146052631579 364.752631578948 386.294736842105 420.574210526316 367.081142105263 317.085 344.315789473684 366.360526315789 389.336842105263 418.635789473684
0 2.5e-07 0.01 0.0667 0.5 372.913310526316 321.548684210526 349.909210526316 372.255263157894 393.517105263158 428.853684210526 373.275984210526 322.59 351.123684210526 372.781578947368 394.678947368421 426.986842105263
0 2.5e-07 0.5 0.0667 0.001 373.816657894737 321.589210526316 351.647368421052 373.571052631579 394.643421052632 430.533421052631 373.179842105263 319.101578947368 349.821052631579 372.723684210526 396.032894736842 427.597105263158
0 2.5e-07 0.5 0.0667 0.01 365.403642105263 311.203947368421 342.532894736842 365.85 387.996052631579 419.31 364.681647368421 312.348684210526 342.561842105263 364.181578947368 386.768421052632 417.259210526316
0 2.5e-07 0.5 0.0667 0.1 368.67997368421 316.342368421052 345.738157894737 368.363157894737 389.430263157895 422.482105263158 368.809389473684 319.496842105263 348.169736842105 368.039473684211 389.731578947368 421.923157894737
0 2.5e-07 0.5 0.0667 0.5 372.407052631579 321.993684210527 352.134210526316 370.731578947368 392.838157894736 424.34947368421 372.485152631579 323.74947368421 349.676315789474 372.628947368421 394.926315789473 425.265263157895
0 2.5e-07 0.01 0.1334 0.001 374.400368421053 321.679736842105 352.734210526316 374.176315789474 394.513157894737 432.517368421052 372.391047368421 318.772631578947 348.794736842105 372.05 395.663157894737 427.657105263158
0 2.5e-07 0.01 0.1334 0.01 369.6054 315.595789473684 346.426315789473 369.515789473684 391.689473684211 422.985263157895 359.817963157895 307.081052631579 337.406578947368 358.460526315789 382.431578947369 415.940263157894
0 2.5e-07 0.01 0.1334 0.1 365.358657894737 309.432631578947 344.257894736842 365.605263157895 386.543421052632 421.552894736842 369.493789473684 321.552631578947 347.251315789474 368.131578947368 391.926315789473 423.683421052632
0 2.5e-07 0.01 0.1334 0.5 373.033015789474 320.708421052631 351.236842105263 372.055263157895 394.361842105263 424.680789473684 373.047494736842 322.652368421053 351.355263157895 371.371052631578 394.102631578947 425.918947368421
0 2.5e-07 0.5 0.1334 0.001 372.341068421053 317.697368421053 350.798684210527 371.971052631579 393.553947368421 430.299736842106 370.970236842105 316.398421052632 347.531578947368 370.702631578947 394.386842105263 426.154736842106
0 2.5e-07 0.5 0.1334 0.01 358.1739 305.788684210526 335.632894736842 358.794736842106 379.727631578947 412.025789473684 356.791357894737 307.656315789474 335.236842105263 355.021052631579 376.384210526316 409.138421052631
0 2.5e-07 0.5 0.1334 0.1 369.086989473684 317.991052631578 346.418421052632 368.284210526316 390.293421052632 428.502894736843 368.804931578947 318.266578947368 346.414473684211 370.136842105263 390.831578947368 424.098684210526
0 2.5e-07 0.5 0.1334 0.5 373.512231578947 321.51 351.725 371.415789473684 394.523684210526 429.694473684211 372.714036842105 322.443421052632 350.667105263158 372.218421052631 393.946052631579 422.05447368421
0.00034 2.5e-07 0.01 0 0.001 488.019331578947 417.983947368421 459.342105263158 488.736842105263 517.014473684211 557.536842105263 486.0956 413.256052631579 457.280263157895 486.852631578947 512.630263157895 555.262631578947
0.00034 2.5e-07 0.01 0 0.01 487.300921052632 418.760263157895 459.438157894737 487.744736842105 515.194736842105 557.173684210526 486.656726315789 416.430263157894 458.523684210526 486.823684210526 514.371052631579 559.27947368421
0.00034 2.5e-07 0.01 0 0.1 484.796778947368 409.68947368421 453.663157894737 486.242105263157 517.943421052632 554.031578947368 487.884136842105 418.742368421053 458.905263157895 490.05 515.977631578947 553.663157894737
0.00034 2.5e-07 0.01 0 0.5 487.7555 418.486315789473 462.118421052631 487.492105263158 516.522368421053 555.023684210526 488.251952631579 418.140789473684 460.190789473684 488.55 515.469736842105 554.503157894737
0.00034 2.5e-07 0.5 0 0.001 488.019331578947 417.983947368421 459.342105263158 488.736842105263 517.014473684211 557.536842105263 486.0956 413.256052631579 457.280263157895 486.852631578947 512.630263157895 555.262631578947
0.00034 2.5e-07 0.5 0 0.01 487.300921052632 418.760263157895 459.438157894737 487.744736842105 515.194736842105 557.173684210526 486.656726315789 416.430263157894 458.523684210526 486.823684210526 514.371052631579 559.27947368421
0.00034 2.5e-07 0.5 0 0.1 484.796778947368 409.68947368421 453.663157894737 486.242105263157 517.943421052632 554.031578947368 487.884136842105 418.742368421053 458.905263157895 490.05 515.977631578947 553.663157894737
0.00034 2.5e-07 0.5 0 0.5 487.7555 418.486315789473 462.118421052631 487.492105263158 516.522368421053 555.023684210526 488.251952631579 418.140789473684 460.190789473684 488.55 515.469736842105 554.503157894737
0.00034 2.5e-07 0.01 0.0067 0.001 488.104957894737 417.365789473684 459.417105263158 488.936842105263 517.014473684211 557.536842105263 486.117747368421 413.256052631579 457.511842105263 486.852631578947 511.956578947368 554.127631578948
0.00034 2.5e-07 0.01 0.0067 0.01 486.854357894737 418.185526315789 459.602631578947 487.43947368421 515.047368421053 555.932631578947 485.034631578947 413.161315789473 456.334210526316 486.452631578947 513.052631578947 558.027894736842
0.00034 2.5e-07 0.01 0.0067 0.1 478.129052631579 401.590526315789 445.859210526316 478.347368421053 510.961842105263 550.332368421052 475.632731578947 404.93947368421 445.657894736842 474.963157894737 505.006578947368 545.913947368421
0.00034 2.5e-07 0.01 0.0067 0.5 472.203515789474 402.748421052631 445.042105263158 471.631578947368 500.640789473684 537.232894736842 470.841389473684 399.894210526316 440.553947368421 469.944736842105 500.13947368421 547.932105263157
0.00034 2.5e-07 0.5 0.0067 0.001 488.079947368421 418.200789473684 459.044736842106 488.918421052632 516.335526315789 557.186842105264 485.946263157895 413.207631578947 457.298684210526 486.852631578947 512.594736842105 554.681052631579
0.00034 2.5e-07 0.5 0.0067 0.01 486.246015789474 418.188421052631 458.68947368421 484.881578947368 514.667105263158 558.532894736842 485.045552631579 412.847631578947 457.131578947368 486 512.832894736842 558.864473684211
0.00034 2.5e-07 0.5 0.0067 0.1 479.848342105263 405.670526315789 447.588157894737 478.7 510.651315789474 555.212894736842 474.814778947368 408.068421052632 445.161842105264 474.615789473685 505.682894736843 542.920526315789
0.00034 2.5e-07 0.5 0.0067 0.5 478.212194736842 411.267368421052 452.53552631579 477.726315789474 506.63947368421 544.411315789473 475.294452631579 403.968421052632 446.964473684211 474.944736842105 502.797368421053 543.616315789473
0.00034 2.5e-07 0.01 0.01333 0.001 487.935615789474 417.365789473684 459.260526315789 488.865789473684 516.635526315789 557.584736842105 485.960631578947 413.256052631579 457.590789473684 486.426315789474 511.88947368421 554.867631578948
0.00034 2.5e-07 0.01 0.01333 0.01 485.254505263158 417.263684210526 456.368421052632 485.736842105263 514.488157894737 556.553947368421 482.577094736842 409.861578947369 454.243421052632 484.328947368421 511.193421052632 553.752105263158
0.00034 2.5e-07 0.01 0.01333 0.1 468.146810526316 388.745789473684 436.989473684211 465.828947368421 502.552631578947 541.394473684211 459.329931578947 389.586842105263 428.405263157895 458.65 488.894736842105 527.656842105263
0.00034 2.5e-07 0.01 0.01333 0.5 456.71677368421 389.037894736842 428.264473684211 454.615789473684 485.455263157894 527.832894736842 456.035152631579 389.57947368421 426.201315789474 455.313157894737 482.206578947368 528.546842105263
0.00034 2.5e-07 0.5 0.01333 0.001 487.998468421053 418.497894736842 460.271052631579 489.331578947368 515.864473684211 557.536842105263 485.833236842105 414.128157894737 457.464473684211 486.56052631579 511.353947368421 555.596052631578
0.00034 2.5e-07 0.5 0.01333 0.01 483.184726315789 409.283684210526 455.634210526316 482.142105263158 512.068421052631 552.505263157895 479.732515789474 404.999736842105 449.636842105263 480.657894736842 508.196052631579 553.752105263158
0.00034 2.5e-07 0.5 0.01333 0.1 468.008005263158 395.126315789474 438.377631578947 467.878947368421 498.542105263158 544.142105263158 462.943563157895 394.44052631579 435.543421052632 460.694736842105 491.321052631579 532.619210526315
0.00034 2.5e-07 0.5 0.01333 0.5 467.072384210526 397.887894736843 439.123684210526 468.813157894736 493.138157894737 534.322105263158 465.578842105263 398.175789473684 435.493421052632 464.431578947369 493.93947368421 536.461052631579
0.00034 2.5e-07 0.01 0.02667 0.001 487.844342105263 417.365789473684 459.417105263158 488.642105263158 516.635526315789 557.584736842105 485.233457894737 410.578684210527 456.792105263158 486.602631578947 511.742105263158 554.178157894737
0.00034 2.5e-07 0.01 0.02667 0.01 483.697047368421 412.616578947368 454.071052631579 483.95 513.847368421053 555.468947368421 472.997010526316 388.697894736842 439.356578947369 475.881578947368 506.881578947369 549.092368421053
0.00034 2.5e-07 0.01 0.02667 0.1 451.035421052632 373.023157894736 415.321052631579 448.631578947368 482.697368421052 536.973684210526 434.619778947368 365.603421052632 404.980263157895 435.05 463.46447368421 507.337894736842
0.00034 2.5e-07 0.01 0.02667 0.5 440.186926315789 375.403421052631 412.7 440.242105263158 466.852631578947 506.180526315789 437.591894736842 369.422631578947 407.618421052632 434.684210526315 466.103947368421 515.131315789474
0.00034 2.5e-07 0.5 0.02667 0.001 487.536852631579 416.611842105263 459.393421052632 488.605263157895 516.33947368421 557.536842105263 484.9237 411.320789473684 456.925 486.747368421052 511.501315789474 555.274210526315
0.00034 2.5e-07 0.5 0.02667 0.01 474.864078947368 396.078947368421 442.807894736842 475.455263157895 507.086842105263 552.013947368421 469.660015789474 388.015789473685 437.88947368421 468.736842105263 502.377631578948 548.52447368421
0.00034 2.5e-07 0.5 0.02667 0.1 449.729584210526 383.080263157895 420.655263157895 447.997368421053 479.981578947369 516.867105263158 447.790589473684 381.481578947368 418.731578947369 445.931578947369 476.793421052631 518.793684210527
0.00034 2.5e-07 0.5 0.02667 0.5 455.020884210526 384.392631578947 429.053947368421 454.313157894737 482.021052631579 523.438947368421 450.394305263158 381.879473684211 420.192105263158 449.378947368421 477.825 522.180789473684
0.00034 2.5e-07 0.01 0.05333 0.001 487.658021052632 416.229736842105 459.260526315789 488.736842105263 516.636842105263 557.536842105263 483.330426315789 406.015526315789 455.507894736842 484.815789473684 510.888157894737 554.916315789474
0.00034 2.5e-07 0.01 0.05333 0.01 479.060268421053 396.409210526316 447.509210526316 481.428947368422 512.023684210526 556.067105263158 454.803968421053 362.83552631579 411.503947368421 456.794736842105 496.392105263158 544.893684210526
0.00034 2.5e-07 0.01 0.05333 0.1 429.778573684211 354.544736842105 396.680263157895 425.147368421053 459.106578947368 521.287105263158 414.194215789474 354.330263157894 385.957894736842 413.15 439.211842105263 480.105263157895
0.00034 2.5e-07 0.01 0.05333 0.5 420.680131578947 355.976578947369 394.778947368421 418.734210526316 446.780263157895 488.283421052632 420.682163157895 353.848157894737 394.152631578947 417.823684210526 446.446052631579 497.338157894737
0.00034 2.5e-07 0.5 0.05333 0.001 485.884715789474 414.731578947368 457.711842105263 487.644736842106 514.822368421053 556.996578947368 481.405457894737 401.479210526316 452.755263157895 483.705263157895 509.743421052632 555.748421052632
0.00034 2.5e-07 0.5 0.05333 0.01 454.238931578947 376.478684210526 416.955263157895 453.073684210526 490.718421052631 538.514736842105 447.627221052632 370.816578947368 409.015789473684 444.592105263158 484.163157894737 541.345
0.00034 2.5e-07 0.5 0.05333 0.1 434.534426315789 362.489473684211 404.907894736842 434.3 464.202631578947 504.558157894737 427.345394736842 363.627631578947 396.746052631579 425.944736842105 456.210526315789 498.903684210526
0.00034 2.5e-07 0.5 0.05333 0.5 439.949384210526 368.872105263158 411.103947368421 439.794736842105 469.759210526316 510.111315789473 430.805331578947 360.997105263158 401.557894736842 431.334210526316 458.030263157895 500.289210526316
0.00034 2.5e-07 0.01 0.0667 0.001 487.801042105263 416.497105263157 459.235526315789 488.865789473684 516.306578947368 557.584736842105 482.317663157895 402.638157894737 454.093421052631 484.278947368421 510.806578947369 554.918421052632
0.00034 2.5e-07 0.01 0.0667 0.01 476.702052631579 390.232894736842 444.664473684211 479.331578947368 511.671052631579 555.498157894737 446.389652631579 353.439210526316 401.565789473684 446.707894736842 491.194736842105 541.142105263158
0.00034 2.5e-07 0.01 0.0667 0.1 417.929 352.538947368421 383.006578947368 413.631578947368 444.443421052631 508.526052631579 408.604194736842 346.996052631579 381.011842105263 408.523684210526 433.278947368421 475.027368421053
0.00034 2.5e-07 0.01 0.0667 0.5 414.362347368421 352.526315789474 386.073684210526 414.421052631579 439.928947368421 479.457368421053 412.069657894737 343.596052631579 383.244736842106 412.155263157895 440.328947368421 480.958684210526
0.00034 2.5e-07 0.5 0.0667 0.001 484.242610526316 409.824736842106 454.678947368421 485.592105263158 514.284210526316 556.996578947368 480.071215789474 396.953157894736 451.81052631579 482.634210526315 509.503947368421 554.413947368421
0.00034 2.5e-07 0.5 0.0667 0.01 445.112631578947 370.126315789474 407.823684210526 441.91052631579 480.107894736842 534.432894736842 433.169273684211 355.150789473684 393.675 428.397368421053 468.306578947368 531.347894736842
0.00034 2.5e-07 0.5 0.0667 0.1 427.161668421053 359.770789473684 396.732894736843 427.415789473684 456.786842105263 497.793157894736 421.183936842105 353.521052631579 395.240789473684 418.944736842105 450.4 493.190789473684
0.00034 2.5e-07 0.5 0.0667 0.5 433.429526315789 368.528684210526 406.377631578948 431.926315789474 461.206578947368 502.61 426.181315789474 363.351052631579 398.130263157895 423.381578947369 452.472368421053 494.596842105264
0.00034 2.5e-07 0.01 0.1334 0.001 487.400505263158 414.852894736843 459.235526315789 489.018421052631 516.243421052632 557.536842105263 477.70967368421 380.487631578948 450.932894736842 482.465789473684 509.606578947369 554.038157894737
0.00034 2.5e-07 0.01 0.1334 0.01 468.436294736842 364.151578947368 431.836842105263 475.081578947368 509.082894736842 555.869210526315 412.266052631579 329.283157894737 365.627631578947 399.986842105263 450.461842105263 530.219473684211
0.00034 2.5e-07 0.01 0.1334 0.1 395.949047368421 332.705 368.607894736842 395.713157894737 419.457894736842 464.760789473684 393.037168421053 334.182105263158 368.288157894737 393.460526315789 417.690789473684 454.862631578947
0.00034 2.5e-07 0.01 0.1334 0.5 398.758610526316 339.846842105263 374.692105263158 399.144736842106 421.653947368421 463.982894736842 398.138436842105 337.963947368421 371.880263157895 398.121052631579 423.181578947369 459.059736842106
0.00034 2.5e-07 0.5 0.1334 0.001 477.335405263158 380.280789473684 448.073684210526 482.363157894737 512.28552631579 556.356842105263 472.018715789474 368.301315789474 441.881578947368 477.692105263157 507.953947368421 553.819736842106
0.00034 2.5e-07 0.5 0.1334 0.01 411.723731578947 340.249736842105 376.596052631579 406.123684210526 440.609210526316 506.214210526316 399.691394736842 332.836578947368 365.338157894737 391.326315789473 427.419736842106 498.574736842105
0.00034 2.5e-07 0.5 0.1334 0.1 412.044305263158 352.529210526315 383.559210526316 409.631578947368 438.027631578947 479.300526315789 406.038526315789 343.063947368421 377.868421052632 406.336842105263 432.667105263158 471.148157894737
0.00034 2.5e-07 0.5 0.1334 0.5 413.992526315789 350.83447368421 386.065789473685 412.028947368421 441.317105263157 480.081052631579 406.317936842105 344.101842105263 378.178947368421 404.794736842105 432.203947368421 474.311052631578
0.0017 2.5e-07 0.01 0 0.001 539.909794736842 482.619736842105 516.015789473684 542.157894736842 563.406578947369 593.564736842105 538.877131578947 482.857894736843 516.532894736842 539.615789473684 560.217105263158 594.566052631579
0.0017 2.5e-07 0.01 0 0.01 540.139721052632 485.764210526315 518.477631578948 540.436842105263 563.111842105263 594.19947368421 540.071121052632 483.314210526316 518.028947368421 541.063157894736 561.646052631579 595.496052631579
0.0017 2.5e-07 0.01 0 0.1 539.106784210526 481.757631578947 513.823684210526 541.663157894737 563.047368421053 592.783157894737 540.966278947368 488.551578947368 518.026315789474 540.352631578947 561.271052631579 596.471842105263
0.0017 2.5e-07 0.01 0 0.5 539.330647368421 485.517631578948 516.965789473684 539.257894736842 561.376315789474 594.090789473684 541.592642105263 486.952631578947 519.072368421053 540.597368421053 564.006578947368 597.50052631579
0.0017 2.5e-07 0.5 0 0.001 539.909794736842 482.619736842105 516.015789473684 542.157894736842 563.406578947369 593.564736842105 538.877131578947 482.857894736843 516.532894736842 539.615789473684 560.217105263158 594.566052631579
0.0017 2.5e-07 0.5 0 0.01 540.139721052632 485.764210526315 518.477631578948 540.436842105263 563.111842105263 594.19947368421 540.071121052632 483.314210526316 518.028947368421 541.063157894736 561.646052631579 595.496052631579
0.0017 2.5e-07 0.5 0 0.1 539.106784210526 481.757631578947 513.823684210526 541.663157894737 563.047368421053 592.783157894737 540.966278947368 488.551578947368 518.026315789474 540.352631578947 561.271052631579 596.471842105263
0.0017 2.5e-07 0.5 0 0.5 539.330647368421 485.517631578948 516.965789473684 539.257894736842 561.376315789474 594.090789473684 541.592642105263 486.952631578947 519.072368421053 540.597368421053 564.006578947368 597.50052631579
0.0017 2.5e-07 0.01 0.0067 0.001 539.930805263158 482.619736842105 515.871052631579 542.405263157895 563.406578947369 593.564736842105 538.830489473684 482.342894736842 516.525 539.565789473684 559.771052631579 594.050263157895
0.0017 2.5e-07 0.01 0.0067 0.01 540.071215789474 485.797894736842 517.278947368421 539.592105263158 563.202631578947 593.339736842105 539.803952631579 480.11 517.721052631579 541.357894736842 562.021052631579 593.637894736842
0.0017 2.5e-07 0.01 0.0067 0.1 537.365663157895 475.868421052632 514.726315789474 539.534210526316 561.311842105264 592.29947368421 536.475468421053 478.409473684211 514.418421052631 536.692105263158 559.2 592.778947368421
0.0017 2.5e-07 0.01 0.0067 0.5 536.966542105263 482.370789473684 513.244736842105 536.48947368421 559.33552631579 594.286315789473 537.169821052632 477.497105263158 512.636842105263 538.021052631579 561.527631578947 593.045789473684
0.0017 2.5e-07 0.5 0.0067 0.001 539.815757894737 481.923684210527 515.319736842105 542.255263157895 563.311842105263 593.467894736842 538.856852631579 482.362894736842 516.292105263158 539.836842105263 560.26447368421 592.523684210527
0.0017 2.5e-07 0.5 0.0067 0.01 540.205242105263 484.867631578948 517.506578947368 539.852631578947 563.898684210526 594.518157894737 539.443442105263 482.591315789473 517.056578947368 539.565789473684 561.023684210526 593.137894736842
0.0017 2.5e-07 0.5 0.0067 0.1 537.2986 477.171842105263 514.869736842105 536.686842105263 560.072368421052 594.111052631579 537.149505263158 480.750789473684 514.498684210526 537.171052631579 559.393421052631 591.675
0.0017 2.5e-07 0.5 0.0067 0.5 537.551205263158 480.187631578948 514.185526315789 537.91052631579 560.640789473684 591.826842105263 538.461489473684 480.745263157895 515.4 538.931578947369 562.077631578947 598.904210526316
0.0017 2.5e-07 0.01 0.01333 0.001 539.873105263158 482.561315789473 515.871052631579 542.323684210526 563.311842105263 593.564736842105 538.861373684211 482.647894736843 516.590789473684 539.35 560.027631578947 594.621578947368
0.0017 2.5e-07 0.01 0.01333 0.01 539.446405263158 484.848421052632 516.922368421053 538.218421052632 563.261842105263 593.715 538.38387368421 477.92947368421 515.623684210526 539.694736842105 561.275 594.475263157895
0.0017 2.5e-07 0.01 0.01333 0.1 530.948678947368 469.305263157895 505.371052631579 530.881578947369 556.525 590.502105263158 526.348389473684 463.954736842105 504.115789473684 526.294736842105 550.521052631579 585.627105263158
0.0017 2.5e-07 0.01 0.01333 0.5 526.865710526316 470.951052631579 501.046052631579 526.623684210527 552.286842105263 584.900263157895 528.048015789474 467.088421052632 502.976315789474 527.971052631579 553.05 588.71552631579
0.0017 2.5e-07 0.5 0.01333 0.001 539.675126315789 481.825526315789 514.823684210526 541.986842105263 563.042105263158 593.458157894737 538.841373684211 482.277894736842 516.769736842105 539.586842105263 559.668421052631 594.050263157895
0.0017 2.5e-07 0.5 0.01333 0.01 538.6512 484.272631578947 514.982894736842 537.610526315789 562.86447368421 592.073421052632 537.186936842105 478.099210526316 514.226315789473 538.128947368421 560.669736842105 594.009210526316
0.0017 2.5e-07 0.5 0.01333 0.1 532.540810526316 470.519736842105 507.767105263158 533.784210526316 556.727631578947 594.021052631579 531.043384210526 474.543684210527 507.857894736842 530.25 556.025 586.148421052631
0.0017 2.5e-07 0.5 0.01333 0.5 532.639031578947 478.076315789474 509.776315789474 533.31052631579 555.281578947368 588.813684210526 534.227578947368 474.304736842106 510.43552631579 535.757894736842 556.827631578948 596.903421052632
0.0017 2.5e-07 0.01 0.02667 0.001 539.914052631579 482.561315789473 515.871052631579 542.323684210526 563.239473684211 593.564736842105 538.519415789474 482.517894736842 516.030263157895 539.273684210526 560.027631578947 593.902105263158
0.0017 2.5e-07 0.01 0.02667 0.01 537.612794736842 479.630789473684 514.257894736842 537.031578947369 563.076315789474 593.159736842106 533.610763157895 467.892631578947 510.722368421053 535.31052631579 558.859210526316 594.613684210526
0.0017 2.5e-07 0.01 0.02667 0.1 519.944784210526 459.142105263158 493.440789473684 519.292105263158 545.15 582.63052631579 510.767889473684 453.319210526316 486.521052631579 509.665789473684 534.45 570.776842105263
0.0017 2.5e-07 0.01 0.02667 0.5 513.877052631579 456.560789473684 491.285526315789 514.913157894737 536.165789473684 567.866578947368 511.662863157895 444.928157894737 487.598684210526 513.163157894737 536.740789473684 573.607894736842
0.0017 2.5e-07 0.5 0.02667 0.001 539.774042105263 481.956578947369 515.280263157895 541.918421052632 562.811842105264 593.458157894737 538.487178947368 483.351842105263 515.731578947368 538.860526315789 559.972368421053 594.226052631579
0.0017 2.5e-07 0.5 0.02667 0.01 533.662315789474 473.298684210526 510.663157894737 534.1 559.069736842105 589.618157894737 531.334521052632 470.005526315789 506.569736842105 532.757894736842 554.943421052632 591.211842105263
0.0017 2.5e-07 0.5 0.02667 0.1 525.007852631579 464.905263157895 500.328947368421 524.163157894737 548.451315789474 585.805263157895 519.427289473684 459.008947368421 495.269736842105 518.460526315789 546.005263157895 577.188157894737
0.0017 2.5e-07 0.5 0.02667 0.5 526.972552631579 468.353157894737 502.430263157894 527.113157894737 551.314473684211 583.484210526316 520.204210526316 458.059473684211 494.71447368421 520.778947368421 546.025 581.397105263158
0.0017 2.5e-07 0.01 0.05333 0.001 539.8374 481.921578947369 515.717105263158 542.192105263158 563.311842105263 593.564736842105 536.362705263158 477.684736842105 513.91447368421 538.081578947368 559.459210526315 593.434473684211
0.0017 2.5e-07 0.01 0.05333 0.01 533.841942105263 464.694210526316 509.009210526316 535.18947368421 561.6 593.653157894737 515.694815789474 431.561315789474 482.543421052632 521.355263157895 551.167105263158 585.41947368421
0.0017 2.5e-07 0.01 0.05333 0.1 493.2187 424.461315789474 463.240789473684 491.321052631579 521.484210526316 568.083947368421 484.2524 421.152631578948 457.846052631579 483.139473684211 510.134210526316 550.196842105263
0.0017 2.5e-07 0.01 0.05333 0.5 488.464773684211 426.527631578947 462.501315789474 488.473684210526 514.426315789474 548.683684210526 487.994563157895 426.995 462.080263157895 489.178947368421 513.338157894737 549.421315789473
0.0017 2.5e-07 0.5 0.05333 0.001 538.762952631579 481.136315789473 514.277631578947 540.597368421053 562.96447368421 593.377894736842 535.463184210526 474.219473684211 513.257894736842 537.31052631579 558.452631578947 593.401052631579
0.0017 2.5e-07 0.5 0.05333 0.01 522.637442105263 463.081052631579 495.089473684211 522.4 549.184210526316 584.737368421053 512.819336842105 439.841842105263 483.148684210526 513.355263157895 543.739473684211 578.872631578947
0.0017 2.5e-07 0.5 0.05333 0.1 509.968110526316 446.139736842106 483.603947368421 510.731578947368 536.057894736842 568.916842105263 502.958652631579 441.058421052632 476.357894736842 502.455263157894 528.925 565.043684210526
0.0017 2.5e-07 0.5 0.05333 0.5 512.889189473684 455.848947368421 488.497368421053 513.384210526316 535.848684210526 573.990789473684 505.788142105263 441.136842105263 478.218421052632 505.736842105263 533.539473684211 572.418684210526
0.0017 2.5e-07 0.01 0.0667 0.001 539.608663157895 481.921578947369 515.717105263158 541.865789473685 563.188157894737 593.564736842105 535.267652631579 473.273947368421 513.619736842105 537.45 558.978947368421 591.658684210526
0.0017 2.5e-07 0.01 0.0667 0.01 531.297221052632 458.560789473684 504.981578947369 534.289473684211 560.473684210526 592.456578947369 506.938510526316 414.583947368421 470.255263157895 510.347368421052 545.468421052632 586.667631578947
0.0017 2.5e-07 0.01 0.0667 0.1 485.800205263158 416.303157894737 453.13947368421 482.539473684211 515.151315789473 568.220526315789 477.531089473684 410.43 453.475 476.744736842106 504.118421052632 540.507105263158
0.0017 2.5e-07 0.01 0.0667 0.5 479.720231578947 416.609473684211 454.507894736842 478.918421052632 505.842105263158 542.452105263158 479.574147368421 413.928421052632 453.298684210527 479.228947368421 506.569736842105 545.390263157894
0.0017 2.5e-07 0.5 0.0667 0.001 538.297068421053 479.24 514.519736842105 540.213157894736 562.725 592.548157894737 534.154257894737 473.107105263158 511.357894736842 536.360526315789 558.223684210526 592.688947368421
0.0017 2.5e-07 0.5 0.0667 0.01 516.336642105263 442.244473684211 489.782894736842 516.807894736842 546.468421052632 583.633947368421 504.626110526316 432.696842105263 473.781578947368 504.581578947368 536.431578947368 575.21
0.0017 2.5e-07 0.5 0.0667 0.1 504.282147368421 438.60947368421 477.573684210527 504.207894736842 530.980263157895 569.488684210526 497.185510526316 434.410263157895 471.732894736842 496.186842105264 523.660526315789 561.641052631579
0.0017 2.5e-07 0.5 0.0667 0.5 506.451878947368 444.801842105263 479.91447368421 505.436842105264 531.23947368421 570.479473684211 498.332884210526 428.966052631579 474.173684210526 499.815789473685 525.342105263158 564.986315789474
0.0017 2.5e-07 0.01 0.1334 0.001 539.114721052632 480.101315789474 515.831578947368 541.807894736843 563.239473684211 593.467894736842 530.17647368421 438.772368421053 509.697368421052 536.278947368421 557.592105263158 592.228684210526
0.0017 2.5e-07 0.01 0.1334 0.01 520.890910526316 418.141578947369 494.914473684211 531.3 559.167105263158 590.594736842105 466.243884210526 378.529210526316 419.881578947369 454.971052631579 512.990789473684 571.980526315789
0.0017 2.5e-07 0.01 0.1334 0.1 451.424031578947 380.521052631579 420.559210526316 448.763157894737 479.772368421053 526.478421052632 446.992347368421 380.221315789474 421.348684210526 445.173684210527 474.168421052632 510.101842105263
0.0017 2.5e-07 0.01 0.1334 0.5 450.559452631579 388.453947368421 424.143421052632 451.43947368421 475.897368421053 513.008157894737 448.489852631579 383.203421052631 422.527631578947 448.721052631579 476.78552631579 513.93947368421
0.0017 2.5e-07 0.5 0.1334 0.001 532.832389473684 458.909736842105 508.011842105263 536.660526315789 560.740789473685 591.921842105263 526.141163157895 435.827894736842 502.744736842106 532.615789473684 555.013157894737 591.541578947368
0.0017 2.5e-07 0.5 0.1334 0.01 482.996163157895 407.044473684211 451.373684210526 481.302631578948 514.281578947369 565.188157894737 470.005168421053 394.92552631579 436.535526315789 468.347368421053 498.436842105263 551.946315789474
0.0017 2.5e-07 0.5 0.1334 0.1 480.372194736842 413.249736842105 455.007894736842 480.247368421052 507.707894736842 547.037368421053 474.802915789474 407.681578947368 446.710526315789 474.460526315789 501.323684210526 546.385789473684
0.0017 2.5e-07 0.5 0.1334 0.5 484.999705263158 425.151052631579 458.05 484.128947368421 509.83552631579 548.985 474.331163157895 401.020789473684 444.932894736842 473.542105263158 504.161842105263 547.782105263158
0.0034 2.5e-07 0.01 0 0.001 546.603373684211 495.224210526316 524.221052631578 545.855263157895 569.984210526316 599.3 545.754747368421 494.028947368421 525.338157894737 545.544736842106 566.797368421052 598.483157894737
0.0034 2.5e-07 0.01 0 0.01 548.536631578947 495.351052631579 527.135526315789 548.392105263158 569.388157894737 599.719210526315 547.94267368421 495.901052631579 525.65 548.263157894736 568.836842105263 602.57947368421
0.0034 2.5e-07 0.01 0 0.1 547.870826315789 493.523947368421 526.46447368421 547.184210526316 569.609210526316 601.593157894737 549.179852631579 497.531578947368 528.594736842105 547.257894736842 570.311842105263 603.023947368421
0.0034 2.5e-07 0.01 0 0.5 547.378389473684 489.795263157894 524.415789473685 547.01052631579 570.515789473684 603.083157894736 549.177631578947 498.132368421053 528.156578947368 548.052631578948 568.925 601.937368421053
0.0034 2.5e-07 0.5 0 0.001 546.603373684211 495.224210526316 524.221052631578 545.855263157895 569.984210526316 599.3 545.754747368421 494.028947368421 525.338157894737 545.544736842106 566.797368421052 598.483157894737
0.0034 2.5e-07 0.5 0 0.01 548.536631578947 495.351052631579 527.135526315789 548.392105263158 569.388157894737 599.719210526315 547.94267368421 495.901052631579 525.65 548.263157894736 568.836842105263 602.57947368421
0.0034 2.5e-07 0.5 0 0.1 547.870826315789 493.523947368421 526.46447368421 547.184210526316 569.609210526316 601.593157894737 549.179852631579 497.531578947368 528.594736842105 547.257894736842 570.311842105263 603.023947368421
0.0034 2.5e-07 0.5 0 0.5 547.378389473684 489.795263157894 524.415789473685 547.01052631579 570.515789473684 603.083157894736 549.177631578947 498.132368421053 528.156578947368 548.052631578948 568.925 601.937368421053
0.0034 2.5e-07 0.01 0.0067 0.001 546.522715789474 494.614210526316 524.174999999999 545.7 569.984210526316 599.043684210526 545.847326315789 493.765263157895 525.338157894737 545.302631578948 566.796052631579 598.905263157895
0.0034 2.5e-07 0.01 0.0067 0.01 548.165242105263 497.077894736842 526.281578947369 548.347368421053 568.957894736842 601.745 548.662126315789 495.59947368421 525.375 549.421052631579 570.055263157895 604.60552631579
0.0034 2.5e-07 0.01 0.0067 0.1 546.179368421053 492.556315789474 524.373684210526 546.415789473684 567.643421052631 599.621052631579 549.572315789474 499.336842105263 527.747368421053 549.026315789474 570.296052631579 602.851842105263
0.0034 2.5e-07 0.01 0.0067 0.5 548.555315789474 497.173421052632 526.927631578947 548.565789473684 569.655263157895 604.657368421053 547.744015789474 494.775 525.222368421053 547.928947368421 570.736842105264 602.415789473684
0.0034 2.5e-07 0.5 0.0067 0.001 546.677873684211 494.871052631579 524.338157894736 545.573684210526 570.172368421053 600.079210526316 545.833342105263 494.041842105263 525.269736842105 545.571052631579 567.025 597.871842105263
0.0034 2.5e-07 0.5 0.0067 0.01 548.0857 494.972631578948 526.919736842105 548.002631578947 568.842105263157 601.227105263158 548.409468421053 494.944473684211 525.098684210526 547.773684210526 569.943421052631 604.485263157895
0.0034 2.5e-07 0.5 0.0067 0.1 546.4081 494.546842105264 525.156578947368 546.484210526316 569.173684210527 598.781578947369 548.474068421053 494.824473684211 525.261842105263 548.08947368421 571.284210526316 604.051578947368
0.0034 2.5e-07 0.5 0.0067 0.5 547.000294736842 490.497105263158 523.786842105264 547.257894736842 569.947368421052 597.176578947368 549.0101 495.307368421053 525.777631578947 548.23947368421 571.43947368421 605.217368421052
0.0034 2.5e-07 0.01 0.01333 0.001 546.591678947368 494.614210526316 524.221052631578 545.544736842106 570.08552631579 599.812105263158 545.733078947368 493.870263157895 525.419736842105 545.613157894737 566.911842105263 598.302368421052
0.0034 2.5e-07 0.01 0.01333 0.01 547.957973684211 497.192631578947 526.167105263158 547.452631578947 568.693421052632 603.036052631579 548.172015789474 494.693684210526 525.263157894736 548.523684210527 569.486842105263 603.523157894737
0.0034 2.5e-07 0.01 0.01333 0.1 542.978436842105 487.36552631579 521.118421052632 542.552631578947 566.867105263158 594.673421052631 543.149642105263 486.757368421053 520.607894736842 543.039473684211 564.096052631579 597.946842105263
0.0034 2.5e-07 0.01 0.01333 0.5 542.583531578947 486.817105263158 521.928947368421 541.963157894737 565.365789473684 595.765263157895 542.857068421053 487.252894736842 521.555263157895 542.76052631579 565.292105263158 598.570526315789
0.0034 2.5e-07 0.5 0.01333 0.001 546.596342105263 494.593684210526 524.456578947368 545.65 570.08552631579 599.937105263158 545.759815789474 494.041842105263 525.071052631579 545.671052631579 567.375 598.452631578948
0.0034 2.5e-07 0.5 0.01333 0.01 547.687810526316 494.241052631579 526.330263157894 546.821052631579 569.527631578947 599.488157894737 547.970547368421 493.778947368421 525.055263157895 547.610526315789 569.956578947368 603.351578947368
0.0034 2.5e-07 0.5 0.01333 0.1 543.382084210526 492.169210526316 522.23947368421 543.763157894737 565.655263157895 593.810263157895 543.206321052632 489.341315789474 521.625 542.95 567.315789473685 597.293684210526
0.0034 2.5e-07 0.5 0.01333 0.5 544.157084210526 489.862894736842 521.76052631579 544.48947368421 565.578947368421 599.127631578948 544.203152631579 490.600526315789 520.898684210527 544.065789473684 568.702631578947 598.513947368421
0.0034 2.5e-07 0.01 0.02667 0.001 546.607026315789 495.224210526316 524.097368421053 545.794736842106 569.984210526316 599.3 545.682815789474 493.604210526316 525.273684210527 545.513157894737 566.718421052632 598.453157894737
0.0034 2.5e-07 0.01 0.02667 0.01 547.271673684211 495.378684210526 525.531578947368 547.763157894736 568.7 599.306315789474 543.979936842105 486.077894736842 518.96447368421 544.978947368421 568.5 600.150263157895
0.0034 2.5e-07 0.01 0.02667 0.1 536.814563157895 482.568421052632 513.440789473684 536.797368421052 560.661842105263 592.11052631579 530.639157894737 476.959473684211 506.627631578948 530.807894736843 553.680263157895 588.45947368421
0.0034 2.5e-07 0.01 0.02667 0.5 533.354073684211 477.380789473685 510.463157894737 533.776315789474 555.942105263158 589.49947368421 531.273852631579 472.481578947368 507.069736842105 531.784210526316 556.482894736842 587.287894736842
0.0034 2.5e-07 0.5 0.02667 0.001 546.496121052632 494.583684210526 524.665789473684 545.697368421052 570.155263157895 600.642894736842 545.626531578947 493.967105263158 525.301315789474 545.257894736842 567.013157894737 598.342368421053
0.0034 2.5e-07 0.5 0.02667 0.01 545.044178947368 490.061842105263 522.419736842105 545.155263157895 566.476315789474 598.377894736842 543.167542105263 486.498684210526 517.194736842105 542.186842105263 566.988157894737 600.755789473684
0.0034 2.5e-07 0.5 0.02667 0.1 537.288394736842 481.49447368421 511.348684210527 537.531578947368 562.643421052632 595.175526315789 534.768663157895 477.67052631579 511.319736842105 535.994736842106 557.768421052632 589.96447368421
0.0034 2.5e-07 0.5 0.02667 0.5 539.567742105263 486.638421052632 517.653947368421 540.363157894737 561.58552631579 592.14552631579 538.330157894737 482.824736842105 515.584210526316 539.536842105263 560.826315789474 592.85052631579
0.0034 2.5e-07 0.01 0.05333 0.001 546.457921052632 494.821052631579 524.001315789473 545.902631578947 570.08552631579 599.3 544.098805263158 487.487894736843 522.323684210526 544.602631578947 566.602631578948 598.302368421052
0.0034 2.5e-07 0.01 0.05333 0.01 543.946815789474 487.326052631579 521.272368421052 545.528947368421 567.601315789474 597.686052631579 531.1604 463.428947368421 505.184210526316 532.981578947368 558.665789473684 595.46947368421
0.0034 2.5e-07 0.01 0.05333 0.1 517.079184210526 451.387368421052 491.264473684211 517.85 543.490789473684 581.013157894737 510.552721052632 452.191578947368 484.494736842105 510.173684210526 535.297368421052 573.453421052631
0.0034 2.5e-07 0.01 0.05333 0.5 515.803778947368 460.858947368421 493.338157894737 515.976315789474 538.832894736842 570.435526315789 512.007289473684 450.507631578947 488.147368421053 512.157894736842 536.455263157894 574.766052631579
0.0034 2.5e-07 0.5 0.05333 0.001 546.17557368421 493.689210526315 523.752631578947 545.578947368421 569.888157894737 599.294736842105 543.323415789474 486.472894736842 522.111842105263 543.942105263158 566.330263157895 598.690789473684
0.0034 2.5e-07 0.5 0.05333 0.01 537.130621052632 479.653421052632 513.427631578947 538.776315789474 560.707894736842 595.596315789473 530.594331578947 467.898684210526 503.377631578948 531.157894736843 556.048684210526 595.229736842106
0.0034 2.5e-07 0.5 0.05333 0.1 528.887536842105 471.795526315789 506.068421052631 527.957894736842 554.621052631579 584.839210526316 525.062831578947 461.673947368421 500.605263157895 525.85 551.048684210526 584.282105263158
0.0034 2.5e-07 0.5 0.05333 0.5 531.927136842105 476.933157894737 509.497368421053 532.342105263157 555.2 586.998421052631 525.726357894737 464.597368421053 500.714473684211 525.910526315789 550.764473684211 584.513157894737
0.0034 2.5e-07 0.01 0.0667 0.001 546.4542 493.865526315789 524.121052631579 545.7 570.019736842105 599.3 543.671457894737 487.024210526315 522.292105263158 544.547368421053 566.546052631579 598.302368421052
0.0034 2.5e-07 0.01 0.0667 0.01 541.5321 477.789473684211 519.236842105263 544.371052631579 566.298684210527 597.673684210526 523.819489473684 454.912105263158 494.218421052632 523.618421052631 554.242105263158 593.71
0.0034 2.5e-07 0.01 0.0667 0.1 508.8572 447.618421052631 480.83947368421 507.405263157895 535.321052631579 577.20947368421 500.847610526316 436.373684210526 477.127631578947 501.836842105263 525.242105263158 561.6
0.0034 2.5e-07 0.01 0.0667 0.5 508.730857894737 450.925263157894 485.121052631579 508.473684210526 531.771052631579 565.825 505.822568421053 444.649210526316 480.832894736842 506.818421052631 530.632894736842 565.693157894737
0.0034 2.5e-07 0.5 0.0667 0.001 545.946610526316 492.945263157895 524.155263157894 545.102631578947 569.577631578947 600.093684210526 542.518805263158 487.090789473684 520.719736842105 543.102631578947 565.76052631579 598.569473684211
0.0034 2.5e-07 0.5 0.0667 0.01 531.7915 468.37 506.284210526316 533.392105263158 557.126315789474 589.529210526316 525.047268421053 464.517368421053 500.081578947368 523.784210526316 549.859210526316 586.83
0.0034 2.5e-07 0.5 0.0667 0.1 524.451810526316 466.796578947368 501.975 525.647368421053 547.18552631579 579.097105263158 521.343142105263 460.619736842105 496.460526315789 521.963157894737 545.467105263157 580.973947368421
0.0034 2.5e-07 0.5 0.0667 0.5 526.350973684211 465.458947368421 501.498684210526 528.213157894736 550.839473684211 582.889473684211 521.292915789474 458.728421052632 497.41447368421 522.844736842105 545.471052631579 581.073947368421
0.0034 2.5e-07 0.01 0.1334 0.001 546.233621052632 493.465263157894 524.077631578947 545.984210526316 570.019736842105 600.079210526316 538.348531578947 461.722105263158 518.368421052632 541.955263157894 565.926315789474 597.039736842105
0.0034 2.5e-07 0.01 0.1334 0.01 532.724594736842 442.703684210526 507.061842105263 539.813157894737 563.496052631579 595.405263157895 489.433136842105 406.862894736842 451.040789473685 485.247368421052 527.892105263158 581.145
0.0034 2.5e-07 0.01 0.1334 0.1 475.372142105263 408.146842105263 447.360526315789 474.755263157894 505.136842105263 545.121052631579 474.130205263158 409.813684210526 450.128947368421 474.294736842105 499.738157894737 540.493947368421
0.0034 2.5e-07 0.01 0.1334 0.5 478.479205263158 417.916315789474 452.806578947368 479.252631578948 504.13947368421 536.643684210526 479.257810526316 409.927105263158 452.698684210526 480.107894736842 506.355263157895 542.673421052632
0.0034 2.5e-07 0.5 0.1334 0.001 541.440573684211 478.681842105263 517.777631578948 541.702631578947 567.513157894737 599.726842105263 536.589763157895 465.445789473685 512.81052631579 539.95 563.264473684211 597.131578947369
0.0034 2.5e-07 0.5 0.1334 0.01 510.516547368421 445.966052631579 484.132894736843 510.752631578948 536.464473684211 572.591842105263 499.294247368421 437.341052631579 471.678947368421 499.102631578947 524.880263157895 567.346578947368
0.0034 2.5e-07 0.5 0.1334 0.1 510.475710526316 447.817368421053 485.877631578947 510.6 534.91447368421 573.921315789473 503.421989473684 442.420263157895 477.15 503.071052631578 528.130263157895 566.201315789473
0.0034 2.5e-07 0.5 0.1334 0.5 512.758678947368 451.081842105264 488.619736842105 513.476315789473 536.827631578948 572.036842105263 502.116836842105 438.08052631579 474.121052631579 501.986842105263 529.018421052632 564.517105263158
