m r d s f D_pi1_mean D_pi1_quantile0.05 D_pi1_quantile0.25 D_pi1_quantile0.50 D_pi1_quantile0.75 D_pi1_quantile0.95 HD_pi1_mean HD_pi1_quantile0.05 HD_pi1_quantile0.25 HD_pi1_quantile0.50 HD_pi1_quantile0.75 HD_pi1_quantile0.95
0 2.5e-07 0.01 0 0.001 373.719289473684 328.717368421053 355.471052631579 373.263157894737 393.231578947368 416.067368421053 280.9661 236.248421052631 261.730263157895 281.018421052632 300.58552631579 325.300263157895
0 2.5e-07 0.01 0 0.01 374.213436842105 331.728157894737 356.294736842105 374.531578947369 391.025 418.522631578947 282.477526315789 239.586052631579 264.501315789474 281.931578947369 300.096052631579 329.131578947368
0 2.5e-07 0.01 0 0.1 374.061726315789 327.166315789474 355.982894736842 373.781578947369 393.221052631579 421.242368421053 281.585389473684 235.397105263157 261.781578947368 280.902631578948 300.671052631579 332.167631578947
0 2.5e-07 0.01 0 0.5 374.623021052632 331.279473684211 356.382894736842 374.165789473684 392.938157894737 419.705789473684 282.224878947368 237.215 263.226315789473 282.042105263158 300.901315789474 328.724736842105
0 2.5e-07 0.5 0 0.001 373.719289473684 328.717368421053 355.471052631579 373.263157894737 393.231578947368 416.067368421053 280.9661 236.248421052631 261.730263157895 281.018421052632 300.58552631579 325.300263157895
0 2.5e-07 0.5 0 0.01 374.213436842105 331.728157894737 356.294736842105 374.531578947369 391.025 418.522631578947 282.477526315789 239.586052631579 264.501315789474 281.931578947369 300.096052631579 329.131578947368
0 2.5e-07 0.5 0 0.1 374.061726315789 327.166315789474 355.982894736842 373.781578947369 393.221052631579 421.242368421053 281.585389473684 235.397105263157 261.781578947368 280.902631578948 300.671052631579 332.167631578947
0 2.5e-07 0.5 0 0.5 374.623021052632 331.279473684211 356.382894736842 374.165789473684 392.938157894737 419.705789473684 282.224878947368 237.215 263.226315789473 282.042105263158 300.901315789474 328.724736842105
0 2.5e-07 0.01 0.0067 0.001 373.710321052632 328.717368421053 355.471052631579 373.121052631578 393.231578947368 416.067368421053 280.948694736842 236.248421052631 261.889473684211 280.986842105263 300.58552631579 325.300263157895
0 2.5e-07 0.01 0.0067 0.01 373.563052631579 329.677631578947 355.922368421052 373.894736842105 390.211842105263 417.373947368421 282.339457894737 239.134210526316 264.397368421053 281.552631578948 300.896052631579 328.964210526315
0 2.5e-07 0.01 0.0067 0.1 372.5536 325.065789473684 353.328947368421 371.7 392.175 420.736315789474 279.970836842105 235.218684210526 259.480263157895 279.628947368421 297.894736842105 327.644736842105
0 2.5e-07 0.01 0.0067 0.5 373.017147368421 329.804736842105 354.005263157895 372.681578947368 392.861842105263 416.458684210526 280.832273684211 236.572368421053 261.396052631579 279.892105263158 299.056578947368 327.421578947369
0 2.5e-07 0.5 0.0067 0.001 373.635636842105 328.717368421053 355.438157894737 373.071052631578 393.26447368421 416.155 280.926889473684 236.248421052631 261.734210526316 281.018421052632 300.543421052632 325.300263157895
0 2.5e-07 0.5 0.0067 0.01 373.598378947368 329.56052631579 356.364473684211 373.960526315789 390.611842105263 417.981578947368 281.919705263158 237.967368421052 264.1 281.573684210526 298.751315789473 328.491052631579
0 2.5e-07 0.5 0.0067 0.1 372.168489473684 328.424736842105 353.264473684211 371.057894736842 390.321052631579 419.021315789474 279.746026315789 233.263157894737 260.919736842105 280.268421052632 298.722368421053 326.397894736842
0 2.5e-07 0.5 0.0067 0.5 373.564621052632 328.496578947368 355.365789473684 373.568421052631 391.627631578947 418.822894736842 281.474847368421 237.036578947368 262.482894736842 280.881578947368 300.125 324.901578947368
0 2.5e-07 0.01 0.01333 0.001 373.642215789474 328.717368421053 355.405263157895 373.052631578948 393.231578947368 416.067368421053 280.917226315789 235.765789473685 261.518421052631 281 300.581578947369 325.555263157894
0 2.5e-07 0.01 0.01333 0.01 373.637778947368 331.455263157894 356.261842105263 373.910526315789 390.289473684211 417.982631578947 282.304826315789 239.426052631579 264.431578947369 281.886842105263 299.960526315789 329.548684210526
0 2.5e-07 0.01 0.01333 0.1 372.160136842105 325.36052631579 353.982894736842 371.621052631579 391.978947368421 419.663421052631 278.572089473684 232.042631578947 258.207894736842 278.739473684211 296.730263157895 327.337105263157
0 2.5e-07 0.01 0.01333 0.5 372.986926315789 327.327105263157 354.339473684211 371.928947368421 391.746052631578 418.540263157894 281.564852631579 237.197368421053 261.072368421052 281.071052631579 299.768421052631 330.406315789474
0 2.5e-07 0.5 0.01333 0.001 373.597852631579 328.717368421053 355.298684210527 373.102631578947 393.251315789473 416.311842105263 280.943726315789 235.903421052631 261.639473684211 281.497368421053 300.543421052632 325.415789473684
0 2.5e-07 0.5 0.01333 0.01 373.352468421053 328.902368421052 355.621052631579 373.83947368421 390.544736842105 417.191315789474 282.060773684211 237.882368421053 263.967105263158 281.773684210526 300.296052631579 327.930526315789
0 2.5e-07 0.5 0.01333 0.1 371.216763157895 325.531578947369 352.028947368421 371.6 388.943421052632 418.137105263158 279.535168421053 234.405789473685 259.861842105263 277.721052631579 297.497368421052 332.005
0 2.5e-07 0.5 0.01333 0.5 373.189815789474 328.434210526316 353.419736842105 373.05 392.823684210526 419.742368421053 281.550263157895 238.305 261.831578947368 280.163157894737 298.797368421053 331.216052631579
0 2.5e-07 0.01 0.02667 0.001 373.657694736842 328.717368421053 355.45 373 393.231578947368 416.067368421053 280.879273684211 236.248421052631 261.771052631579 280.944736842105 300.575 325.329210526316
0 2.5e-07 0.01 0.02667 0.01 373.897673684211 329.662894736842 356.411842105264 374.173684210526 390.577631578947 418.881842105264 281.928510526316 239.844736842105 264.026315789474 280.644736842105 300.430263157895 327.861578947369
0 2.5e-07 0.01 0.02667 0.1 370.319347368421 324.160526315789 351.455263157895 370.078947368421 388.767105263158 418.197368421052 278.376536842105 232.531578947368 257.021052631579 277.471052631579 298.715789473684 327.441315789474
0 2.5e-07 0.01 0.02667 0.5 374.141210526316 328.868684210526 355.227631578948 373.621052631579 393.938157894737 418.938684210526 280.644621052632 236.530263157894 261.442105263158 280.857894736842 299.927631578947 324.140789473684
0 2.5e-07 0.5 0.02667 0.001 373.647189473684 328.292368421052 355.481578947369 373.202631578947 393.134210526315 416.155 280.808831578947 235.765789473685 261.396052631579 281.178947368421 300.209210526315 324.970263157895
0 2.5e-07 0.5 0.02667 0.01 372.068542105263 328.128421052632 354.83552631579 372.718421052631 388.775 415.039736842105 280.721957894737 238.182894736842 262.311842105263 280.313157894737 298.067105263157 326.461578947368
0 2.5e-07 0.5 0.02667 0.1 370.345536842105 325.483684210527 351.264473684211 369.971052631579 388.640789473684 416.921315789474 277.877963157895 231.904210526315 258.777631578947 276.863157894737 296.855263157895 326.711578947368
0 2.5e-07 0.5 0.02667 0.5 373.09757368421 331.307894736842 355.126315789473 372.602631578947 391.230263157895 416.753421052631 281.293321052632 237.245263157895 261.31447368421 281.481578947369 299.331578947368 327.258947368421
0 2.5e-07 0.01 0.05333 0.001 373.637763157895 328.717368421053 355.45 373.076315789473 393.231578947368 416.067368421053 280.933168421053 236.248421052631 261.771052631579 281.363157894737 300.21447368421 326.212368421053
0 2.5e-07 0.01 0.05333 0.01 373.290557894737 329.66447368421 355.21447368421 373.626315789473 390.525 417.213684210526 280.356589473684 236.697105263158 262.964473684211 279.671052631579 297.980263157895 326.66552631579
0 2.5e-07 0.01 0.05333 0.1 369.505305263158 324.501842105263 351.347368421053 368.797368421053 388.875 415.597894736842 277.37427368421 231.068421052632 257.834210526316 275.613157894737 295.828947368421 326.311315789474
0 2.5e-07 0.01 0.05333 0.5 373.288089473684 329.952105263158 354.255263157895 372.334210526316 392.010526315789 420.085789473684 281.842636842105 236.881842105263 262.377631578947 282.7 299.123684210526 327.16447368421
0 2.5e-07 0.5 0.05333 0.001 373.3648 328.02052631579 355.442105263158 372.778947368421 392.488157894737 416.563947368421 280.516742105263 235.67 261.518421052631 280.428947368421 299.8 325.420263157895
0 2.5e-07 0.5 0.05333 0.01 369.514663157895 326.15 350.936842105263 369.794736842105 386.738157894737 414.676052631579 278.249178947368 234.815263157895 260.376315789474 277.33947368421 295.353947368421 323.288157894737
0 2.5e-07 0.5 0.05333 0.1 371.785536842105 327.141052631579 353.601315789473 372.092105263158 389.794736842106 418.140526315789 278.329826315789 231.417368421053 257.623684210526 277.702631578947 296.405263157895 329.078157894737
0 2.5e-07 0.5 0.05333 0.5 373.661136842105 328.808947368421 354.472368421053 374.215789473684 392.771052631579 418.705 281.551594736842 236.767631578948 262.931578947368 281.181578947369 299.546052631579 327.868157894737
0 2.5e-07 0.01 0.0667 0.001 373.669889473684 328.717368421053 355.471052631579 373.097368421052 393.231578947368 416.067368421053 280.769436842105 235.765789473685 261.739473684211 280.844736842105 300.273684210527 324.942631578947
0 2.5e-07 0.01 0.0667 0.01 373.301194736842 329.653421052631 356.059210526316 373.486842105264 390.438157894737 417.557631578947 279.598757894737 234.135263157895 261.798684210526 278.807894736843 297.015789473684 325.315789473684
0 2.5e-07 0.01 0.0667 0.1 369.871968421053 327.01 351.142105263158 369.997368421052 388.347368421052 415.463684210526 278.396747368421 232.305789473684 259.8 276.61052631579 297 328.868684210526
0 2.5e-07 0.01 0.0667 0.5 373.468868421053 328.393684210526 354.540789473684 373.728947368421 392.505263157895 417.68 281.303289473684 236.729210526316 262.725 281.171052631579 299.096052631579 328.523421052632
0 2.5e-07 0.5 0.0667 0.001 372.940752631579 327.627894736843 355.16447368421 372.434210526315 391.678947368421 415.409210526316 280.212036842105 235.476052631579 261.197368421052 280.352631578947 299.405263157895 324.977631578947
0 2.5e-07 0.5 0.0667 0.01 368.4591 326.363421052632 350.822368421053 367.342105263157 385.218421052631 412.101842105264 277.569136842105 233.672368421053 259.278947368421 276.671052631579 294.336842105263 322.913157894737
0 2.5e-07 0.5 0.0667 0.1 370.753605263158 326.779473684211 351.713157894737 369.613157894737 389.464473684211 415.429210526316 278.581705263158 231.576315789474 259.130263157894 277.023684210527 296.642105263158 329.876052631579
0 2.5e-07 0.5 0.0667 0.5 374.622689473684 328.852631578947 355.132894736842 374.565789473684 394.493421052632 419.871842105263 281.243605263158 236.98447368421 262.263157894737 281.042105263158 300.061842105263 327.607894736842
0 2.5e-07 0.01 0.1334 0.001 373.565731578947 328.534736842106 355.384210526316 372.965789473684 393.143421052632 416.155 280.080410526316 234.230789473684 261.344736842105 280.386842105263 298.953947368421 324.802105263158
0 2.5e-07 0.01 0.1334 0.01 372.292752631579 328.517631578947 354.15 372.531578947369 389.797368421053 416.377105263158 275.865189473684 232.621578947368 257.180263157895 274.071052631579 293.328947368421 322.637894736842
0 2.5e-07 0.01 0.1334 0.1 368.654 324.852894736843 350.328947368421 368.244736842106 386.01447368421 413.530263157894 278.414221052632 232.015263157895 258.640789473684 276.973684210526 298.001315789474 328.989736842105
0 2.5e-07 0.01 0.1334 0.5 373.706231578947 329.282631578947 355.623684210526 373.386842105263 393.163157894737 419.195789473684 281.615515789474 235.86 262.011842105263 281.386842105263 299.717105263158 328.469210526316
0 2.5e-07 0.5 0.1334 0.001 371.918457894737 326.307368421052 354.792105263158 371.728947368421 390.486842105263 414.583421052632 278.927547368421 234.095263157895 259.663157894737 278.202631578947 298.635526315789 324.842105263158
0 2.5e-07 0.5 0.1334 0.01 363.586847368421 320.235789473684 345.539473684211 363.176315789474 380.975 406.231842105263 273.464947368421 230.48947368421 255.690789473684 272.392105263158 290.714473684211 318.352368421053
0 2.5e-07 0.5 0.1334 0.1 371.0764 326.370263157895 353.575 370.660526315789 388.986842105263 416.508157894737 278.794331578947 230.826315789473 258.955263157895 277.705263157894 298.802631578947 327.434736842105
0 2.5e-07 0.5 0.1334 0.5 373.120868421053 327.066842105263 354.636842105263 372.815789473684 392.567105263158 418.285789473685 281.483110526316 236.883157894737 261.636842105263 281.244736842106 300.097368421053 325.903157894737
0.00034 2.5e-07 0.01 0 0.001 485.3926 425.234210526316 458.589473684211 486.260526315789 510.742105263158 544.397368421053 384.566478947368 315.502894736842 356.598684210526 386.221052631579 413.819736842105 451.462105263157
0.00034 2.5e-07 0.01 0 0.01 486.570947368421 426.018157894737 461.723684210526 487.676315789474 510.592105263158 543.265526315789 383.976442105263 319.992894736842 354.985526315789 383.647368421053 412.490789473684 448.442368421052
0.00034 2.5e-07 0.01 0 0.1 487.975368421053 425.683684210526 463.243421052632 488.942105263157 512.71447368421 549.363947368421 385.678963157895 320.173947368421 359.455263157895 385.594736842105 411.671052631579 450.239210526315
0.00034 2.5e-07 0.01 0 0.5 489.462178947368 427.593421052632 465.257894736842 488.615789473685 515.301315789474 548.580526315789 385.410047368421 317.338421052632 356.693421052631 386.171052631579 413.75 452.455263157895
0.00034 2.5e-07 0.5 0 0.001 485.3926 425.234210526316 458.589473684211 486.260526315789 510.742105263158 544.397368421053 384.566478947368 315.502894736842 356.598684210526 386.221052631579 413.819736842105 451.462105263157
0.00034 2.5e-07 0.5 0 0.01 486.570947368421 426.018157894737 461.723684210526 487.676315789474 510.592105263158 543.265526315789 383.976442105263 319.992894736842 354.985526315789 383.647368421053 412.490789473684 448.442368421052
0.00034 2.5e-07 0.5 0 0.1 487.975368421053 425.683684210526 463.243421052632 488.942105263157 512.71447368421 549.363947368421 385.678963157895 320.173947368421 359.455263157895 385.594736842105 411.671052631579 450.239210526315
0.00034 2.5e-07 0.5 0 0.5 489.462178947368 427.593421052632 465.257894736842 488.615789473685 515.301315789474 548.580526315789 385.410047368421 317.338421052632 356.693421052631 386.171052631579 413.75 452.455263157895
0.00034 2.5e-07 0.01 0.0067 0.001 485.386368421053 425.234210526316 458.556578947368 486.784210526316 510.742105263158 544.223947368421 384.558336842105 313.958684210526 357.007894736842 386.268421052632 413.796052631579 452.450789473684
0.00034 2.5e-07 0.01 0.0067 0.01 485.765568421053 424.081052631579 460.981578947369 486.544736842106 509.288157894737 544.085 382.720868421053 317.662368421052 353.688157894737 382.831578947368 410.628947368421 447.750263157895
0.00034 2.5e-07 0.01 0.0067 0.1 481.787694736842 417.986052631579 455.431578947368 482.092105263158 505.569736842105 545.622105263158 377.020705263158 309.792631578948 349.177631578947 379.778947368421 403.705263157894 444.293947368421
0.00034 2.5e-07 0.01 0.0067 0.5 476.786621052632 418.777368421053 451.031578947369 476.597368421053 503.402631578947 535.646052631579 369.093326315789 303.149210526316 340.471052631579 368.684210526316 396.507894736842 436.775
0.00034 2.5e-07 0.5 0.0067 0.001 485.251842105263 425.174210526316 458.534210526316 486.736842105263 510.832894736842 543.872368421053 384.575210526316 314.223157894737 356.772368421053 386.268421052632 413.819736842105 451.462105263157
0.00034 2.5e-07 0.5 0.0067 0.01 485.581426315789 422.932368421053 461.226315789474 485.997368421053 509.569736842105 544.464736842105 382.656431578947 319.058947368421 353.996052631579 382.471052631579 411.180263157895 445.822894736842
0.00034 2.5e-07 0.5 0.0067 0.1 483.227147368421 422.968157894737 458.343421052632 483.468421052632 507.885526315789 545.070263157895 378.8287 309.951578947368 348.688157894737 379.678947368421 408.457894736842 446.187105263158
0.00034 2.5e-07 0.5 0.0067 0.5 482.087426315789 419.983157894737 458.163157894737 483.121052631579 505.263157894737 544.153947368421 373.930184210526 305.328947368421 346.576315789474 372.873684210527 403.164473684211 443.140263157895
0.00034 2.5e-07 0.01 0.01333 0.001 485.320231578947 425.234210526316 458.686842105263 486.505263157895 510.592105263158 544.222368421052 384.452526315789 314.213684210527 357.094736842105 386.221052631579 413.757894736842 451.435789473684
0.00034 2.5e-07 0.01 0.01333 0.01 485.516968421053 422.18 461.021052631579 486.713157894736 510.151315789474 543.161842105263 380.367578947368 315.406842105263 350.926315789473 380.181578947369 409.071052631579 446.351842105263
0.00034 2.5e-07 0.01 0.01333 0.1 474.526036842105 408.636315789474 448.323684210526 475.202631578947 503.194736842105 537.467631578947 363.977394736842 295.677631578947 334.827631578947 364.102631578947 392.052631578948 434.043947368421
0.00034 2.5e-07 0.01 0.01333 0.5 464.429105263158 402.223421052631 440.355263157895 464.068421052631 489.447368421052 522.116315789473 357.0315 292.958157894737 328.256578947368 355.897368421053 383.655263157895 428.838421052631
0.00034 2.5e-07 0.5 0.01333 0.001 485.021905263158 424.717631578947 458.473684210526 485.876315789473 510.728947368421 544.75 384.380778947368 314.541315789474 356.598684210526 385.665789473684 413.722368421053 449.990789473684
0.00034 2.5e-07 0.5 0.01333 0.01 483.1331 422.183157894737 457.025 483.852631578947 507.938157894737 543.941052631579 379.31607368421 310.721842105263 350.914473684211 379.281578947369 408.05 445.393157894737
0.00034 2.5e-07 0.5 0.01333 0.1 471.721705263158 408.527105263158 447.477631578948 470.226315789474 498.406578947368 535.935789473684 367.153494736842 297.096052631579 339.432894736843 367.768421052632 396.003947368421 436.777894736842
0.00034 2.5e-07 0.5 0.01333 0.5 473.103789473684 414.204736842105 446.760526315789 474.113157894737 497.361842105263 535.47552631579 363.915957894737 296.697631578947 335.444736842105 363.005263157895 390.264473684211 435.885526315789
0.00034 2.5e-07 0.01 0.02667 0.001 484.949815789474 424.916578947369 458.446052631579 486.018421052631 510.405263157895 544.223947368421 384.123705263158 315.076578947368 356.109210526316 385.636842105263 413.703947368421 451.220526315789
0.00034 2.5e-07 0.01 0.02667 0.01 483.365510526316 418.558947368421 457.114473684211 484.634210526316 508.956578947369 542.215 373.710010526316 301.782894736842 344.007894736842 374.428947368421 403.572368421053 441.733947368421
0.00034 2.5e-07 0.01 0.02667 0.1 461.107152631579 395.582894736842 434.030263157895 457.305263157895 489.022368421052 533.453947368421 342.439210526316 277.557105263158 312.163157894737 340.931578947369 367.990789473684 416.126052631579
0.00034 2.5e-07 0.01 0.02667 0.5 448.727652631579 388.963421052632 422.556578947369 448.381578947368 473.475 508.540526315789 341.319363157895 277.179736842105 315.369736842105 340.078947368421 368.253947368421 408.920789473684
0.00034 2.5e-07 0.5 0.02667 0.001 484.299631578947 423.948421052631 458.347368421053 485.697368421052 509.967105263158 542.742368421053 383.819210526316 312.497368421052 356.815789473684 384.715789473684 412.938157894737 451.225526315789
0.00034 2.5e-07 0.5 0.02667 0.01 477.955252631579 411.347631578947 449.771052631579 478.539473684211 505.471052631579 541.350789473684 370.275805263158 300.996315789473 340.135526315789 369.08947368421 400.968421052632 438.842105263158
0.00034 2.5e-07 0.5 0.02667 0.1 460.346331578947 399.486052631579 434.597368421053 459.744736842106 485.371052631579 520.841842105263 349.987036842105 283.749473684211 320.136842105263 349.192105263158 378.797368421053 422.067631578948
0.00034 2.5e-07 0.5 0.02667 0.5 463.317131578947 405.696842105263 440.261842105263 462.465789473684 486.119736842105 523.994736842105 349.739331578947 286.002894736842 322.261842105263 348.668421052632 376.831578947369 417.745789473684
0.00034 2.5e-07 0.01 0.05333 0.001 484.819936842105 424.718947368421 458.471052631579 486.031578947369 510.405263157895 544.223947368421 382.436884210526 308.382894736843 353.814473684211 383.705263157894 413.021052631579 449.69552631579
0.00034 2.5e-07 0.01 0.05333 0.01 479.831705263158 406.765789473684 452.625 482.671052631579 508.021052631579 542.050263157895 360.306989473684 276.663157894737 325.730263157895 360.968421052631 397.273684210526 439.835
0.00034 2.5e-07 0.01 0.05333 0.1 436.671205263158 369.659736842105 408.364473684211 433.536842105264 461.121052631579 511.600263157895 319.491631578947 252.677894736842 293.238157894737 319.031578947369 343.715789473684 386.155263157895
0.00034 2.5e-07 0.01 0.05333 0.5 428.469768421053 373.863684210526 403.652631578947 427.734210526315 451.248684210526 487.725789473684 322.137621052632 264.033421052631 296.671052631579 321.705263157894 345.369736842105 385.69552631579
0.00034 2.5e-07 0.5 0.05333 0.001 482.686263157895 421.188947368421 456.782894736842 484 509.128947368421 542.198947368421 381.197205263158 308.457894736842 352.284210526316 381.436842105263 411.861842105263 448.158421052632
0.00034 2.5e-07 0.5 0.05333 0.01 462.329978947368 394.377368421053 430.072368421053 463.721052631579 493.847368421053 534.273947368421 355.194347368421 281.677631578947 321.5 352.671052631579 387.893421052632 431.706578947368
0.00034 2.5e-07 0.5 0.05333 0.1 444.757289473684 384.118684210526 421.127631578948 444.155263157895 470.106578947368 504.64947368421 332.951068421053 268.453157894737 306.302631578948 331.894736842105 359.026315789474 400.142631578948
0.00034 2.5e-07 0.5 0.05333 0.5 446.978678947368 385.076842105263 420.368421052632 446.673684210526 473.626315789474 511.33552631579 333.422694736842 273.342105263158 308.502631578948 333.313157894737 357.213157894736 396.595263157895
0.00034 2.5e-07 0.01 0.0667 0.001 484.653857894737 424.475 458.446052631579 485.742105263158 510.728947368421 544.482368421053 381.909473684211 308.464473684211 352.706578947369 382.994736842105 412.990789473684 449.545263157895
0.00034 2.5e-07 0.01 0.0667 0.01 478.2556 402.042894736842 451.168421052632 481.844736842105 507.96052631579 545.439210526316 354.779010526316 268.603421052632 319.343421052631 355.321052631579 394.460526315789 437.246578947369
0.00034 2.5e-07 0.01 0.0667 0.1 426.914415789474 367.298947368421 400.072368421053 422.552631578948 449.438157894737 505.425 315.266905263158 259.601315789474 289.976315789474 312.928947368421 338.589473684211 378.793421052632
0.00034 2.5e-07 0.01 0.0667 0.5 423.743847368421 370.64552631579 400.538157894737 424.015789473684 446.382894736842 479.61552631579 315.770389473684 260.567368421053 291.547368421053 314.976315789474 338.534210526316 371.201842105263
0.00034 2.5e-07 0.5 0.0667 0.001 481.910489473684 418.84 456.346052631579 483.226315789473 509.307894736842 542.58 379.802426315789 304.041578947368 350.040789473684 380.826315789473 411.180263157895 448.582368421053
0.00034 2.5e-07 0.5 0.0667 0.01 453.578431578947 386.476578947369 419.684210526315 451.342105263158 485.789473684211 528.459210526315 347.099863157895 270.994473684211 311.738157894737 343.373684210526 382.796052631579 430.979210526316
0.00034 2.5e-07 0.5 0.0667 0.1 437.989136842105 378.603421052632 414.176315789474 437.234210526316 463.652631578947 499.106315789474 326.557747368421 263.381842105263 301.280263157895 325.039473684211 349.572368421053 393.756578947368
0.00034 2.5e-07 0.5 0.0667 0.5 443.214968421053 387.792894736842 417.938157894736 441.984210526316 466.061842105264 505.274210526316 327.164889473684 266.849473684211 300.019736842105 327.36052631579 352.11447368421 391.048947368421
0.00034 2.5e-07 0.01 0.1334 0.001 483.872352631579 422.066578947369 457.965789473684 485.368421052631 509.967105263158 544.110789473684 377.486873684211 290.467105263158 346.63552631579 380.5 411.572368421053 449.265
0.00034 2.5e-07 0.01 0.1334 0.01 471.742 377.340789473684 441.140789473684 478.244736842105 506.567105263158 543.777631578947 326.724163157895 246.495526315789 281.180263157895 316.981578947368 367.767105263158 429.735789473684
0.00034 2.5e-07 0.01 0.1334 0.1 404.108857894737 350.984210526316 379.151315789474 401.15 425.380263157895 466.511578947368 302.599847368421 250.862631578947 279.538157894737 301.426315789474 324.353947368421 360.202631578947
0.00034 2.5e-07 0.01 0.1334 0.5 404.731121052632 352.322368421053 382.656578947368 403.760526315789 427.338157894737 459.642631578947 301.056173684211 246.741052631579 278.315789473684 300.41052631579 321.235526315789 358.106052631579
0.00034 2.5e-07 0.5 0.1334 0.001 476.315905263158 393.737631578947 450.051315789474 480.402631578947 507.057894736842 543.113157894736 373.179942105263 285.248157894736 339.665789473685 377.728947368421 408.398684210527 448.037368421052
0.00034 2.5e-07 0.5 0.1334 0.01 424.311905263158 359.951052631579 392.010526315789 420.310526315789 450.494736842105 504.311052631579 315.017821052632 251.795526315789 283.409210526316 308.136842105263 340.710526315789 407.170263157895
0.00034 2.5e-07 0.5 0.1334 0.1 420.775742105263 366.56552631579 398.460526315789 419.578947368421 443.798684210527 476.546315789474 310.274910526316 253.952105263158 285.802631578948 307.434210526315 333.281578947369 374.83947368421
0.00034 2.5e-07 0.5 0.1334 0.5 422.224268421053 365.168947368421 397.875 421.105263157895 444.996052631579 482.482894736842 309.854757894737 254.170526315789 283.919736842106 307.213157894737 335.464473684211 371.321842105263
0.0017 2.5e-07 0.01 0 0.001 539.895326315789 492.001578947369 521.218421052632 539.610526315789 559.603947368421 587.257368421053 431.896136842105 382.243157894737 411.210526315789 432.1 451.690789473684 483.21947368421
0.0017 2.5e-07 0.01 0 0.01 537.507942105263 489.576315789474 517.823684210526 537.981578947368 556.290789473685 583.824473684211 432.615284210526 381.382894736843 412.181578947369 431.236842105263 453.301315789474 484.406578947368
0.0017 2.5e-07 0.01 0 0.1 540.018210526316 491.237368421053 521.436842105264 541.523684210526 558.681578947369 586.749473684211 433.060989473684 384.136842105263 412.203947368421 434.278947368421 453.653947368421 481.417894736842
0.0017 2.5e-07 0.01 0 0.5 540.036815789474 493.906052631578 520.989473684211 540.097368421053 559.825 586.077631578947 432.349926315789 378.373947368421 411.739473684211 432.923684210527 452.955263157895 482.011052631578
0.0017 2.5e-07 0.5 0 0.001 539.895326315789 492.001578947369 521.218421052632 539.610526315789 559.603947368421 587.257368421053 431.896136842105 382.243157894737 411.210526315789 432.1 451.690789473684 483.21947368421
0.0017 2.5e-07 0.5 0 0.01 537.507942105263 489.576315789474 517.823684210526 537.981578947368 556.290789473685 583.824473684211 432.615284210526 381.382894736843 412.181578947369 431.236842105263 453.301315789474 484.406578947368
0.0017 2.5e-07 0.5 0 0.1 540.018210526316 491.237368421053 521.436842105264 541.523684210526 558.681578947369 586.749473684211 433.060989473684 384.136842105263 412.203947368421 434.278947368421 453.653947368421 481.417894736842
0.0017 2.5e-07 0.5 0 0.5 540.036815789474 493.906052631578 520.989473684211 540.097368421053 559.825 586.077631578947 432.349926315789 378.373947368421 411.739473684211 432.923684210527 452.955263157895 482.011052631578
0.0017 2.5e-07 0.01 0.0067 0.001 539.986563157895 492.001578947369 521.386842105263 539.955263157894 559.648684210526 587.372368421053 431.847610526316 382.742368421053 410.856578947368 432.197368421052 452.01052631579 482.536315789473
0.0017 2.5e-07 0.01 0.0067 0.01 537.594152631579 488.726315789474 519.168421052632 537.573684210526 557.075 583.600263157894 432.686031578947 381.770263157895 412.018421052632 432.071052631579 454.282894736842 483.568421052632
0.0017 2.5e-07 0.01 0.0067 0.1 538.390542105263 489.474210526316 519.109210526315 539.692105263158 556.977631578948 584.122368421052 431.565442105263 379.19447368421 410.444736842105 432.002631578948 452.094736842105 483.148684210526
0.0017 2.5e-07 0.01 0.0067 0.5 539.361384210526 490.801315789474 520.159210526316 540.110526315789 559.103947368421 586.173684210526 428.650831578947 375.71447368421 407.167105263158 428.344736842105 449.346052631579 482.037631578948
0.0017 2.5e-07 0.5 0.0067 0.001 540.014489473684 493.412894736842 521.473684210526 540.234210526316 559.603947368421 587.848421052632 432.094642105263 382.243157894737 411.753947368421 432.813157894736 452.027631578947 483.381315789474
0.0017 2.5e-07 0.5 0.0067 0.01 538.0768 489.975789473685 519.202631578948 538.910526315789 557.130263157895 585.619210526315 432.731731578947 382.603421052631 412.009210526316 431.86052631579 454.106578947369 483.768157894737
0.0017 2.5e-07 0.5 0.0067 0.1 539.0759 491.331578947368 521.432894736843 539.947368421052 558.115789473684 585.180263157895 431.866047368421 378.433421052631 410.643421052632 432.760526315789 453.748684210526 483.355263157894
0.0017 2.5e-07 0.5 0.0067 0.5 539.988478947368 492.362368421052 520.278947368421 539.518421052632 560.244736842105 587.203684210526 430.371552631579 375.008157894737 408.996052631579 429.878947368421 451.107894736842 484.342894736842
0.0017 2.5e-07 0.01 0.01333 0.001 539.980421052632 491.92447368421 521.896052631579 540.05 559.648684210526 587.848421052632 431.818831578947 382.243157894737 410.856578947368 432.039473684211 452.036842105263 483.212894736842
0.0017 2.5e-07 0.01 0.01333 0.01 537.227915789474 489.712894736842 517.5 537.607894736842 555.55 583.812368421053 431.273810526316 377.793421052631 410.697368421052 430.721052631579 452.815789473685 484.686315789474
0.0017 2.5e-07 0.01 0.01333 0.1 532.975615789474 482.746578947369 515.506578947369 532.273684210527 553.538157894737 580.847368421053 423.419521052632 364.971052631579 399.48947368421 425.18947368421 448.163157894737 476.254473684211
0.0017 2.5e-07 0.01 0.01333 0.5 531.126463157895 480.599736842105 512.142105263158 531.397368421053 552.392105263158 582.373421052632 419.532568421053 366.422105263158 397.073684210526 419.16052631579 441.072368421053 473.318947368421
0.0017 2.5e-07 0.5 0.01333 0.001 539.8414 491.92947368421 521.721052631579 539.902631578947 559.498684210526 586.476052631579 431.917236842105 382.737368421053 411.543421052631 432.263157894737 451.705263157895 484.146578947369
0.0017 2.5e-07 0.5 0.01333 0.01 537.366305263158 488.891315789473 517.385526315789 538.584210526315 556.836842105263 584.713684210526 431.413642105263 378.557368421053 411.039473684211 430.718421052631 452.805263157895 483.141578947368
0.0017 2.5e-07 0.5 0.01333 0.1 534.734963157895 486.165 514.340789473684 534.947368421052 553.91447368421 581.980263157895 424.858642105263 371.252631578947 402.335526315789 425.278947368421 449.092105263158 476.062368421052
0.0017 2.5e-07 0.5 0.01333 0.5 536.451278947368 490.751052631579 517.572368421052 535.860526315789 556.31052631579 584.28 425.008252631579 366.207368421053 403.782894736842 425.168421052632 448.317105263158 478.768421052632
0.0017 2.5e-07 0.01 0.02667 0.001 539.707057894737 492.001578947369 521.307894736842 539.542105263158 559.603947368421 587.848421052632 431.640563157895 381.887368421053 410.872368421052 432.102631578947 452.01052631579 483.044736842105
0.0017 2.5e-07 0.01 0.02667 0.01 536.44637368421 487.502894736842 516.590789473684 537.205263157894 555.247368421053 583.313947368421 427.228268421053 368.730526315789 405.809210526316 426.947368421052 451.121052631579 483.745789473684
0.0017 2.5e-07 0.01 0.02667 0.1 523.441268421053 468.499736842105 501.667105263158 523.847368421052 546.642105263158 573.863421052631 406.032121052632 344.946842105263 383.080263157895 406.452631578947 430.206578947368 464.133684210526
0.0017 2.5e-07 0.01 0.02667 0.5 518.490031578947 465.328947368421 497.948684210526 517.984210526316 539.181578947369 571.597105263157 404.929463157895 347.386052631579 380.001315789473 406.068421052631 430.017105263158 462.697894736842
0.0017 2.5e-07 0.5 0.02667 0.001 539.586373684211 491.918684210526 521.093421052632 539.665789473684 559.276315789474 587.848421052632 431.614710526316 380.107105263157 410.226315789474 432.365789473684 451.717105263158 484.146578947369
0.0017 2.5e-07 0.5 0.02667 0.01 533.4925 483.197368421052 513.792105263158 533.51052631579 551.939473684211 580.730789473684 427.600084210526 373.804736842105 406.890789473684 426.647368421053 449.664473684211 482.209736842105
0.0017 2.5e-07 0.5 0.02667 0.1 528.700078947368 477.805526315789 508.773684210526 529.01052631579 547.878947368421 577.847894736842 415.940915789474 358.664210526316 391.936842105263 416.642105263158 440.322368421053 471.109210526316
0.0017 2.5e-07 0.5 0.02667 0.5 530.069557894737 478.885263157894 508.344736842105 531.376315789474 551.040789473685 579.025263157895 414.581010526316 351.867368421053 392.526315789473 414.534210526316 437.625 470.707105263158
0.0017 2.5e-07 0.01 0.05333 0.001 539.310931578947 491.336052631579 520.884210526316 539.265789473684 559.490789473684 587.737368421052 430.726194736842 379.297105263158 409.228947368421 431.844736842105 451.201315789474 482.737631578947
0.0017 2.5e-07 0.01 0.05333 0.01 533.386463157895 475.646578947368 513.327631578948 534.457894736842 554.723684210526 585.601315789474 415.560063157895 340.941842105263 390.76447368421 419.965789473684 443.598684210526 478.217631578947
0.0017 2.5e-07 0.01 0.05333 0.1 504.174857894737 446.998947368421 478.140789473684 504.9 528.978947368421 564.042105263158 381.7831 317.153157894737 356.419736842105 381.771052631579 406.397368421053 445.571842105264
0.0017 2.5e-07 0.01 0.05333 0.5 497.582484210526 443.531578947368 476.521052631579 499.289473684211 520.265789473684 547.622368421053 382.759378947368 323.449210526316 357.715789473684 381.405263157895 408.040789473684 442.605
0.0017 2.5e-07 0.5 0.05333 0.001 538.9382 490.139736842105 520.088157894737 538.371052631579 559.127631578947 590.153157894737 430.165884210526 378.201052631579 407.797368421053 431.363157894737 450.815789473685 482.051578947369
0.0017 2.5e-07 0.5 0.05333 0.01 525.378815789474 472.108947368421 503.951315789474 525.255263157895 547.043421052631 578.884473684211 415.269147368421 346.866578947369 390.771052631578 417.05 442.359210526316 475.283157894737
0.0017 2.5e-07 0.5 0.05333 0.1 515.947052631579 462.909210526316 494.6 517.226315789474 537.303947368421 566.867631578947 401.265910526316 343.913421052631 375.817105263158 401.794736842106 425.331578947368 457.248684210526
0.0017 2.5e-07 0.5 0.05333 0.5 518.897589473684 464.426315789474 499.111842105263 518.73947368421 539.647368421052 571.383684210527 400.160284210526 340.808684210526 376.628947368421 399.552631578948 424.067105263158 457.687631578948
0.0017 2.5e-07 0.01 0.0667 0.001 539.375936842105 491.647631578948 520.932894736843 539.513157894736 559.572368421053 586.831578947369 429.941863157895 377.852368421052 408.502631578947 431.610526315789 451.078947368421 482.056315789474
0.0017 2.5e-07 0.01 0.0667 0.01 532.377242105263 473.435 511.672368421053 534.894736842105 553.817105263158 584.163684210526 408.138652631579 325.246315789474 378.736842105263 412.736842105263 439.481578947369 476.908421052632
0.0017 2.5e-07 0.01 0.0667 0.1 493.975010526316 434.226052631579 468.626315789474 493.076315789474 517.422368421052 558.91052631579 373.692342105263 313.095 350.213157894737 372.544736842106 396.546052631579 437.71447368421
0.0017 2.5e-07 0.01 0.0667 0.5 493.078052631579 440.151842105263 472.081578947368 493.731578947369 513.160526315789 544.908684210527 376.009789473684 317.638684210526 352.596052631579 376.557894736842 401.073684210526 435.263684210526
0.0017 2.5e-07 0.5 0.0667 0.001 538.127384210526 488.876052631578 519.38947368421 538.121052631579 557.913157894737 587.848421052632 429.636757894737 374.40447368421 408.561842105263 431.786842105263 450.91052631579 481.429210526316
0.0017 2.5e-07 0.5 0.0667 0.01 520.904484210526 465.243157894737 497.730263157895 521.965789473684 543.261842105263 575.932631578947 407.744247368421 342.028157894737 379.842105263158 409.607894736842 436.613157894737 473.199736842106
0.0017 2.5e-07 0.5 0.0667 0.1 512.621678947368 459.868421052632 490.923684210527 513.236842105263 534.022368421053 564.256842105263 393.191305263158 334.973947368421 368.439473684211 391.760526315789 417.83947368421 451.820789473684
0.0017 2.5e-07 0.5 0.0667 0.5 514.279747368421 461.041052631579 492.488157894737 515.063157894737 535.973684210527 566.311315789474 393.694221052632 333.495789473684 369.246052631579 394.184210526316 417.778947368421 451.914736842106
0.0017 2.5e-07 0.01 0.1334 0.001 538.888836842105 490.406578947368 520.627631578947 538.85 559.490789473684 587.848421052632 425.271626315789 356.363157894737 403.856578947368 429.302631578948 450.223684210526 481.418684210527
0.0017 2.5e-07 0.01 0.1334 0.01 523.060294736842 434.758157894737 500.273684210526 530.389473684211 552.910526315789 582.122894736842 376.317826315789 291.165 332.556578947368 371.08947368421 423.327631578947 466.988947368421
0.0017 2.5e-07 0.01 0.1334 0.1 461.954668421053 405.382105263158 437.398684210526 462.076315789474 485.325 521.776842105263 347.827526315789 292.261578947368 324.405263157895 348.015789473684 369.842105263157 408.668684210526
0.0017 2.5e-07 0.01 0.1334 0.5 462.851563157895 408.260789473684 439.297368421053 463.58947368421 485.555263157895 516.822894736842 349.395357894737 290.199210526316 323.727631578948 349.897368421053 374.763157894737 410.755789473684
0.0017 2.5e-07 0.5 0.1334 0.001 533.559731578947 474.073684210526 514.734210526316 536.139473684211 556.817105263158 584.950263157895 424.312589473684 355.001315789473 402.647368421053 427.555263157895 449.668421052632 477.371315789474
0.0017 2.5e-07 0.5 0.1334 0.01 497.426821052632 436.762368421053 473.482894736842 496.018421052632 521.657894736842 559.192894736841 376.390147368421 310.608157894737 345.565789473684 373.51052631579 405.563157894737 455.978947368421
0.0017 2.5e-07 0.5 0.1334 0.1 493.764205263158 440.006052631579 470.598684210527 492.773684210527 516.859210526316 549.525526315789 370.480947368421 306.676315789474 341.772368421053 370.923684210527 397.573684210526 435.065
0.0017 2.5e-07 0.5 0.1334 0.5 496.420631578947 436.173157894737 473.609210526316 497.378947368421 518.764473684211 556.468157894737 370.355442105263 311.430263157895 344.446052631579 369.228947368421 394.861842105263 434.497631578947
0.0034 2.5e-07 0.01 0 0.001 546.512884210526 500.62052631579 527.088157894737 547.223684210526 566.619736842105 590.706315789474 438.137763157895 387.707368421053 417.021052631579 437.742105263158 459.403947368421 487.00052631579
0.0034 2.5e-07 0.01 0 0.01 547.453257894737 501.282105263158 529.659210526316 548.007894736842 566.01052631579 594.829210526316 438.040868421053 389.295789473684 418.742105263158 437.718421052632 456.542105263158 487.555
0.0034 2.5e-07 0.01 0 0.1 547.747273684211 502.363947368421 529.136842105263 547.360526315789 564.761842105264 595.821052631579 439.360336842105 392.656842105263 419.313157894737 440.865789473684 458.371052631579 486.335263157894
0.0034 2.5e-07 0.01 0 0.5 548.340036842105 504.520263157895 529.561842105263 548.089473684211 567.077631578948 592.457894736842 439.687973684211 388.518157894737 420.015789473684 439.363157894737 460.586842105263 489.015
0.0034 2.5e-07 0.5 0 0.001 546.512884210526 500.62052631579 527.088157894737 547.223684210526 566.619736842105 590.706315789474 438.137763157895 387.707368421053 417.021052631579 437.742105263158 459.403947368421 487.00052631579
0.0034 2.5e-07 0.5 0 0.01 547.453257894737 501.282105263158 529.659210526316 548.007894736842 566.01052631579 594.829210526316 438.040868421053 389.295789473684 418.742105263158 437.718421052632 456.542105263158 487.555
0.0034 2.5e-07 0.5 0 0.1 547.747273684211 502.363947368421 529.136842105263 547.360526315789 564.761842105264 595.821052631579 439.360336842105 392.656842105263 419.313157894737 440.865789473684 458.371052631579 486.335263157894
0.0034 2.5e-07 0.5 0 0.5 548.340036842105 504.520263157895 529.561842105263 548.089473684211 567.077631578948 592.457894736842 439.687973684211 388.518157894737 420.015789473684 439.363157894737 460.586842105263 489.015
0.0034 2.5e-07 0.01 0.0067 0.001 546.451742105263 501.251052631579 527.26447368421 547.115789473684 566.261842105263 590.565 438.219284210526 387.726052631579 416.805263157895 437.571052631579 459.456578947368 486.80447368421
0.0034 2.5e-07 0.01 0.0067 0.01 547.341810526316 501.162894736842 528.934210526316 547.45 565.771052631579 594.888421052632 438.061978947368 390.572105263158 418.217105263158 437.43947368421 456.777631578948 487.678684210526
0.0034 2.5e-07 0.01 0.0067 0.1 547.426015789474 504.62947368421 529.567105263158 546.889473684211 565.56447368421 592.911842105263 439.004031578947 391.816578947368 419.342105263158 439.742105263158 458.076315789473 489.41552631579
0.0034 2.5e-07 0.01 0.0067 0.5 547.089336842105 500.372631578947 528.497368421052 547.215789473684 565.773684210527 590.565263157894 437.140068421053 384.601578947369 418.197368421053 436.465789473684 457.472368421053 485.942631578947
0.0034 2.5e-07 0.5 0.0067 0.001 546.551431578947 500.951315789473 527.376315789474 547.110526315789 566.161842105263 590.723947368421 438.071289473684 387.707368421053 416.963157894737 437.863157894737 459.325 486.268947368421
0.0034 2.5e-07 0.5 0.0067 0.01 547.312626315789 500.987105263158 529.826315789474 547.378947368421 565.146052631579 594.403421052632 438.671921052632 390.350263157894 418.232894736842 439.139473684211 457.081578947369 489.56
0.0034 2.5e-07 0.5 0.0067 0.1 548.181042105263 502.787631578947 529.469736842105 549.184210526316 565.106578947368 591.912368421052 439.428784210526 389.865263157895 420.015789473684 439.921052631579 459.051315789474 488.301842105263
0.0034 2.5e-07 0.5 0.0067 0.5 548.789978947368 505.857368421053 530.921052631579 547.721052631578 566.940789473685 594.329210526316 438.154421052632 388.365263157894 417.168421052632 438.944736842105 458.886842105263 487.301578947369
0.0034 2.5e-07 0.01 0.01333 0.001 546.648963157895 500.62052631579 527.26447368421 547.278947368421 566.619736842105 590.565 438.180778947368 387.726052631579 416.882894736842 437.528947368421 459.340789473684 487.217105263157
0.0034 2.5e-07 0.01 0.01333 0.01 547.108452631579 500.928157894737 529.618421052632 547.336842105263 565.176315789473 595.035789473684 437.405936842105 386.975263157895 416.576315789473 437.492105263158 457.192105263158 490.290263157895
0.0034 2.5e-07 0.01 0.01333 0.1 545.570752631579 500.840789473685 528.135526315789 546.013157894736 563.280263157895 589.553684210526 434.757647368421 385.523157894737 412.242105263158 435.294736842106 455.410526315789 487.808684210526
0.0034 2.5e-07 0.01 0.01333 0.5 544.384447368421 497.281842105263 524.697368421052 544.694736842105 564.056578947368 590.085263157895 433.988657894737 386.177105263157 413.407894736842 434.042105263158 454.414473684211 481.503421052632
0.0034 2.5e-07 0.5 0.01333 0.001 546.525878947368 500.606315789473 527.609210526316 547.026315789474 565.936842105263 590.55 437.967031578947 387.44052631579 417.302631578947 437.742105263158 458.838157894736 487.393947368421
0.0034 2.5e-07 0.5 0.01333 0.01 547.035557894737 499.45552631579 528.305263157895 548.247368421052 564.98552631579 593.867105263158 437.826963157895 391.036315789474 417.576315789474 438.328947368421 457.030263157895 489.619473684211
0.0034 2.5e-07 0.5 0.01333 0.1 545.490542105263 501.010263157894 526.307894736842 544.707894736842 565.33552631579 590.945 436.799105263158 386.043684210527 415.459210526316 436.35 458.455263157895 488.488947368421
0.0034 2.5e-07 0.5 0.01333 0.5 545.846447368421 499.593157894737 526.669736842105 546.213157894736 563.765789473684 592.274473684211 435.241331578947 384.386052631579 414.607894736842 434.968421052631 456.142105263158 485.809736842106
0.0034 2.5e-07 0.01 0.02667 0.001 546.452463157895 500.62052631579 527.389473684211 547.278947368421 565.936842105263 590.55 437.900552631579 387.296315789473 417.173684210526 437.489473684211 458.831578947368 487.007105263158
0.0034 2.5e-07 0.01 0.02667 0.01 546.512289473684 499.980789473684 527.967105263158 546.781578947368 564.211842105263 594.036052631579 434.698015789474 384.537894736842 414.906578947368 434.976315789474 453.769736842105 484.017105263157
0.0034 2.5e-07 0.01 0.02667 0.1 538.010036842105 489.503157894737 520.303947368421 539.013157894736 555.955263157894 580.693684210526 425.478036842105 373.977631578947 402.507894736842 425.834210526315 446.977631578947 478.353421052631
0.0034 2.5e-07 0.01 0.02667 0.5 535.573215789474 488.066842105264 516.227631578947 536.618421052631 554.571052631579 581.851315789474 424.279815789474 373.068421052632 401.555263157895 422.992105263158 445.836842105263 480.391315789473
0.0034 2.5e-07 0.5 0.02667 0.001 546.211478947368 498.378421052631 527.688157894737 546.623684210527 565.936842105263 589.587894736842 437.883594736842 387.296315789473 416.805263157895 437.615789473685 459.052631578947 486.525789473684
0.0034 2.5e-07 0.5 0.02667 0.01 545.5586 497.303947368421 528.244736842105 546.321052631579 563.052631578947 593.223684210526 435.297005263158 385.687631578947 414.555263157895 435.821052631579 455.193421052632 484.383157894737
0.0034 2.5e-07 0.5 0.02667 0.1 540.3946 495.535526315789 521.823684210527 540.578947368421 558.269736842105 588.425263157895 429.480557894737 380.951052631579 409.643421052631 429.118421052632 448.33552631579 482.299736842105
0.0034 2.5e-07 0.5 0.02667 0.5 543.364326315789 499.43 523.447368421053 542.544736842105 563.426315789474 587.56447368421 429.696284210526 378.471052631579 408.567105263158 429.6 450.789473684211 481.457631578947
0.0034 2.5e-07 0.01 0.05333 0.001 546.337605263158 500.599210526315 527.184210526316 546.944736842105 565.613157894737 590.482105263158 437.336778947368 386.158684210526 416.384210526316 437.186842105264 458.215789473684 487.531578947368
0.0034 2.5e-07 0.01 0.05333 0.01 544.138878947368 496.091315789474 523.780263157894 545.93947368421 563.418421052631 594.031052631579 426.195263157895 365.848157894737 404.003947368421 428.171052631579 450.015789473684 481.413157894736
0.0034 2.5e-07 0.01 0.05333 0.1 524.233963157895 471.298421052631 501.421052631579 524.252631578948 546.844736842105 576.550789473684 406.893989473684 349.663157894737 384.509210526315 406.315789473684 428.881578947369 460.613421052632
0.0034 2.5e-07 0.01 0.05333 0.5 522.599989473684 474.330263157895 502.625 522.228947368421 543.294736842105 572.636052631579 407.165873684211 349.014210526316 386.084210526315 407.45 429.872368421053 462.943684210526
0.0034 2.5e-07 0.5 0.05333 0.001 545.705173684211 498.161315789474 526.435526315789 546.005263157895 565.896052631579 591.308947368421 437.273668421053 387.286315789474 415.340789473684 436.686842105263 458.838157894736 488.016842105263
0.0034 2.5e-07 0.5 0.05333 0.01 538.321547368421 492.968684210526 518.081578947368 538.415789473684 558.332894736842 588.131842105263 428.169242105263 371.775789473685 408.067105263157 427.568421052631 451.373684210526 480.125263157895
0.0034 2.5e-07 0.5 0.05333 0.1 531.862142105263 480.642894736842 512.271052631579 532.818421052631 551.209210526315 579.065789473685 418.918210526316 362.380789473685 397.117105263158 418.91052631579 441.415789473684 473.381315789473
0.0034 2.5e-07 0.5 0.05333 0.5 534.648563157895 485.580789473684 514.343421052631 534.618421052631 554.417105263158 583.78947368421 420.890794736842 367.008684210526 399.932894736842 421.352631578947 442.826315789473 473.863421052631
0.0034 2.5e-07 0.01 0.0667 0.001 546.199968421053 500.599210526315 526.786842105263 546.831578947369 565.707894736842 590.705263157895 436.745578947368 386.108421052632 415.660526315789 436.552631578948 458.077631578947 486.555526315789
0.0034 2.5e-07 0.01 0.0667 0.01 542.928657894737 492.41 523.634210526316 544.934210526315 562.281578947368 592.037894736842 421.524047368421 357.320789473684 396.5 423.757894736842 447.928947368421 479.010526315789
0.0034 2.5e-07 0.01 0.0667 0.1 516.657736842105 461.973157894737 495.675 517.423684210527 538.98552631579 569.329736842106 399.787257894737 343.437368421052 378.788157894737 400.223684210526 421.459210526316 456.703421052631
0.0034 2.5e-07 0.01 0.0667 0.5 514.664389473684 466.199736842105 495.089473684211 513.989473684211 534.41052631579 563.302631578947 399.660436842105 346.418684210526 377.025 399.55 422.464473684211 455.042894736842
0.0034 2.5e-07 0.5 0.0667 0.001 544.936184210526 497.979473684211 525.885526315789 545.613157894737 564.021052631579 589.592894736842 436.379910526316 382.981052631579 414.869736842105 436.039473684211 458.168421052632 486.596052631579
0.0034 2.5e-07 0.5 0.0667 0.01 535.997757894737 484.630526315789 513.525 537.431578947369 556.463157894736 585.27 422.870073684211 366.31947368421 401.06447368421 423.784210526316 446.1 476.703157894737
0.0034 2.5e-07 0.5 0.0667 0.1 529.853005263158 480.304736842105 509.039473684211 529.292105263158 550.921052631579 579.565789473684 414.495626315789 359.782105263158 391.256578947368 414.886842105263 437.164473684211 470.452631578947
0.0034 2.5e-07 0.5 0.0667 0.5 531.8386 485.82947368421 513.063157894736 531.336842105263 550.192105263158 580.376842105263 417.487452631579 366.260789473684 396.755263157895 417.402631578947 438.903947368421 467.523947368421
0.0034 2.5e-07 0.01 0.1334 0.001 545.710305263158 498.161315789474 526.422368421053 546.576315789473 565.936842105263 590.722368421053 433.191005263158 370.908421052631 411.822368421053 434.355263157895 456.503947368421 486.553157894737
0.0034 2.5e-07 0.01 0.1334 0.01 534.408747368421 460.764736842105 512.189473684211 540.723684210526 560.893421052632 590.901052631579 394.131547368421 319.39947368421 358.430263157895 392.428947368421 430.498684210526 471.47
0.0034 2.5e-07 0.01 0.1334 0.1 486.593226315789 433.345263157894 465.931578947369 486.052631578948 505.897368421053 540.452894736842 372.931426315789 308.067631578947 347.626315789474 372.6 398.784210526316 435.318684210526
0.0034 2.5e-07 0.01 0.1334 0.5 489.376210526316 436.344210526316 468.005263157894 490.023684210527 511.488157894737 541.979736842105 373.484305263158 312.432368421053 348.955263157895 372.85 397.371052631579 435.277631578947
0.0034 2.5e-07 0.5 0.1334 0.001 541.2752 486.937631578947 521.809210526316 542.613157894737 563.223684210526 588.400263157895 432.653021052632 373.941578947368 411.121052631579 432.926315789474 455.706578947368 487.061052631579
0.0034 2.5e-07 0.5 0.1334 0.01 518.737621052632 467.314473684211 495.91447368421 516.76052631579 541.755263157895 569.255263157895 400.149378947368 340.196578947368 374.53947368421 399.597368421053 425.639473684211 460.491052631579
0.0034 2.5e-07 0.5 0.1334 0.1 516.305789473684 459.72052631579 494.475 516.831578947368 536.948684210527 569.855789473684 398.689794736842 341.172105263158 372.968421052631 399.244736842106 422.584210526316 462.90947368421
0.0034 2.5e-07 0.5 0.1334 0.5 520.858626315789 470.205 499.563157894736 520.005263157894 543.090789473684 571.135263157895 398.162473684211 341.882631578947 375.328947368421 397.55 421.238157894737 453.478421052632
