m r d s f D_pi1_mean D_pi1_quantile0.05 D_pi1_quantile0.25 D_pi1_quantile0.50 D_pi1_quantile0.75 D_pi1_quantile0.95 HD_pi1_mean HD_pi1_quantile0.05 HD_pi1_quantile0.25 HD_pi1_quantile0.50 HD_pi1_quantile0.75 HD_pi1_quantile0.95
0 2.5e-07 0.01 0 0.001 371.717105263158 317.912894736842 351.459210526316 384.239473684211 404.497368421053 407.99 393.969736842105 344.353684210526 370.003947368421 392.392105263158 422.659210526316 440.041578947368
0 2.5e-07 0.01 0 0.01 372.708078335373 329.498947368421 348.863157894737 373.121052631579 393.636842105263 415.717368421053 380.380861244019 340.991052631579 364.66052631579 375.918421052632 400.632894736842 417.981578947368
0 2.5e-07 0.01 0 0.1 372.980851800554 320.856315789474 347.528947368421 373.515789473684 393.306578947368 430.375526315789 373.259431186662 329.868157894737 351.152631578947 371.15 395.201315789474 423.262894736842
0 2.5e-07 0.01 0 0.5 373.780475594493 322.468421052632 351.197368421052 373.957894736842 394.178947368421 427.196315789474 373.852406890447 321.703157894737 353.921052631579 372.915789473684 393.952631578947 427.255789473684
0 2.5e-07 0.5 0 0.001 371.717105263158 317.912894736842 351.459210526316 384.239473684211 404.497368421053 407.99 393.969736842105 344.353684210526 370.003947368421 392.392105263158 422.659210526316 440.041578947368
0 2.5e-07 0.5 0 0.01 372.708078335373 329.498947368421 348.863157894737 373.121052631579 393.636842105263 415.717368421053 380.380861244019 340.991052631579 364.66052631579 375.918421052632 400.632894736842 417.981578947368
0 2.5e-07 0.5 0 0.1 372.980851800554 320.856315789474 347.528947368421 373.515789473684 393.306578947368 430.375526315789 373.259431186662 329.868157894737 351.152631578947 371.15 395.201315789474 423.262894736842
0 2.5e-07 0.5 0 0.5 373.780475594493 322.468421052632 351.197368421052 373.957894736842 394.178947368421 427.196315789474 373.852406890447 321.703157894737 353.921052631579 372.915789473684 393.952631578947 427.255789473684
0 2.5e-07 0.01 0.0067 0.001 358.943859649123 315.092105263158 337.355263157895 365.184210526316 383.652631578948 398.427368421053 379.429122807017 337.274736842105 350.263157894737 370.378947368421 408.918421052632 438.836842105263
0 2.5e-07 0.01 0.0067 0.01 374.218306636156 331.594736842105 355.548684210526 367.068421052631 399.667105263158 420.93552631579 367.553730480046 309.128947368421 345.044736842105 372.484210526316 391.444736842105 412.963157894737
0 2.5e-07 0.01 0.0067 0.1 368.967165375367 318.105263157895 346.507894736842 367.055263157895 390.325 421.969210526316 367.976247377543 314.60947368421 346.331578947368 368.068421052632 390.089473684211 419.794736842105
0 2.5e-07 0.01 0.0067 0.5 371.837070938215 318.107368421053 349.947368421053 369.494736842105 394.847368421053 425.112631578947 371.631309988398 319.99 349.698684210527 371.405263157895 392.384210526316 425.222105263158
0 2.5e-07 0.5 0.0067 0.001 368.040131578947 323.312631578948 350.064473684211 369.805263157895 393.988157894737 402.382105263158 379.609064327485 314.874736842105 361.848684210526 380.934210526316 410.503947368421 432.881315789473
0 2.5e-07 0.5 0.0067 0.01 370.221939058172 321.783157894737 351.231578947369 371.621052631579 391.171052631579 424.051578947368 369.29860446571 309.244210526316 346.586842105263 370.505263157894 391.847368421053 420.195526315789
0 2.5e-07 0.5 0.0067 0.1 369.695071770335 317.653947368421 345.892105263158 368.676315789474 391.38552631579 424.861578947368 369.762692253422 318.984210526316 348.901315789474 370.055263157895 391.676315789474 419.584210526316
0 2.5e-07 0.5 0.0067 0.5 373.062466074184 320.666315789474 350.631578947368 372.594736842105 395.726315789474 428.424210526316 372.386960644855 321.587368421053 349.247368421052 371.163157894737 394.181578947369 427.456315789473
0 2.5e-07 0.01 0.01333 0.001 345.022368421053 310.042631578948 312.107894736842 333.81052631579 366.725 395.698684210526 378.838596491228 325.68947368421 360.363157894737 376.026315789474 398.373684210526 431.852631578947
0 2.5e-07 0.01 0.01333 0.01 366.966695427092 325.305263157895 343.621052631579 366.015789473684 383.415789473684 417.252631578947 363.886988304094 312.587894736842 344.325 363.763157894737 385.852631578947 411.281578947369
0 2.5e-07 0.01 0.01333 0.1 369.101334472083 315.124210526315 344.936842105263 369.131578947368 390.2 424.611578947368 368.787445313536 317.38447368421 347.252631578947 367.147368421053 391.826315789473 418.190789473684
0 2.5e-07 0.01 0.01333 0.5 371.364594736842 322.002105263157 350.256578947368 370.731578947368 392.217105263158 422.310263157895 372.562236842105 321.183157894736 350.825 372.281578947368 393.56447368421 424.657368421053
0 2.5e-07 0.5 0.01333 0.001 365.878195488722 334.674473684211 350.422368421053 367.621052631579 381.586842105263 400.847631578947 368.676127819549 322.679736842105 345.814473684211 366.65 388.097368421053 424.626052631579
0 2.5e-07 0.5 0.01333 0.01 368.47955465587 318.539736842105 348.046052631579 370.113157894737 388.710526315789 418.763157894737 366.539123559973 310.186315789474 343.621052631579 366.836842105263 389.831578947368 415.04
0 2.5e-07 0.5 0.01333 0.1 368.631113831089 317.137368421052 347.361842105263 367.6 390.130263157895 421.912105263158 368.351084924367 315.650526315789 346.568421052632 368.621052631579 390.926315789474 419.835789473684
0 2.5e-07 0.5 0.01333 0.5 372.463542105263 319.998684210527 350.261842105263 371.797368421053 393.669736842105 426.171578947369 372.801557894737 321.701315789473 351.082894736842 371.434210526315 394.581578947368 425.739473684211
0 2.5e-07 0.01 0.02667 0.001 368.733333333333 315.353947368421 344.411842105263 385.644736842105 394.872368421052 401.171052631579 367.782105263158 314.876578947368 339.430263157894 366.434210526316 394.494736842105 423.05
0 2.5e-07 0.01 0.02667 0.01 368.044237175216 321.28947368421 341.476315789474 366.973684210526 391.847368421053 418.572631578947 365.21984295416 315.313684210526 342.76052631579 360.818421052632 385.330263157895 423.313684210526
0 2.5e-07 0.01 0.02667 0.1 367.455974842767 313.955263157895 346.077631578947 366.88947368421 391.071052631579 420.663157894737 367.263048359713 317.063157894737 346.615789473684 367.694736842105 387.805263157895 416.394736842105
0 2.5e-07 0.01 0.02667 0.5 372.783489473684 322.607105263158 350.784210526316 372.655263157895 393.001315789474 426.218684210526 372.358768421053 320.347105263158 349.526315789474 372.234210526316 393.180263157895 423.976842105263
0 2.5e-07 0.5 0.02667 0.001 354.137299771167 308.426842105263 334.007894736842 359.615789473684 375.592105263158 402.146315789474 365.610526315789 322.70947368421 340.573684210526 361.773684210526 386.526315789474 421.162105263158
0 2.5e-07 0.5 0.02667 0.01 365.795811601075 311.191578947368 342.147368421053 366.231578947368 387.294736842105 421.343157894737 366.767073170732 317.587105263158 344.56052631579 366.544736842106 387.432894736842 419.497105263158
0 2.5e-07 0.5 0.02667 0.1 368.150498303076 315.144210526316 347.031578947368 367.573684210526 391.094736842105 423.497894736842 368.677000212224 318.001052631579 345.968421052632 368.044736842105 390.930263157895 424.668421052632
0 2.5e-07 0.5 0.02667 0.5 372.700247368421 322.402368421053 348.61447368421 372.9 393.469736842105 424.630526315789 372.711094736842 320.382631578948 352.372368421052 371.244736842105 394.127631578948 425.429736842106
0 2.5e-07 0.01 0.05333 0.001 351.775438596491 314.764473684211 332.93947368421 344.378947368421 371.706578947368 396.68552631579 362.310983981693 302.299999999999 338.015789473685 358.513157894737 386.78947368421 428.805263157895
0 2.5e-07 0.01 0.05333 0.01 360.356985645933 306.702894736842 339.192105263158 361.623684210527 382.019736842105 408.570789473684 363.337490646046 312.033684210526 342.278947368421 362.844736842105 385.173684210526 413.587105263158
0 2.5e-07 0.01 0.05333 0.1 365.501860254083 315.003421052632 343.63552631579 363.9 386.457894736842 420.729736842105 367.387513210738 317.051315789474 346.428947368421 366.834210526316 389.3 420.496052631579
0 2.5e-07 0.01 0.05333 0.5 372.964068421053 322.115263157895 350.557894736842 371.563157894737 394.618421052632 424.763157894736 372.536073684211 322.646052631579 350.06052631579 372.923684210527 392.897368421053 425.442894736842
0 2.5e-07 0.5 0.05333 0.001 350.966267942584 301.701315789473 328.097368421052 352.815789473684 373.338157894736 393.720263157895 361.458179231863 314.951052631579 335.731578947368 359.047368421053 380.26447368421 412.754736842105
0 2.5e-07 0.5 0.05333 0.01 359.893486000192 308.732105263158 339.136842105263 358.121052631579 379.573684210526 412.698421052632 361.658801896044 316.105789473684 341.572368421053 359.594736842105 382.771052631579 411.74447368421
0 2.5e-07 0.5 0.05333 0.1 367.771863157895 316.431052631579 345.605263157895 366.373684210526 388.413157894737 426.611315789474 368.862236842105 318.289473684211 348.417105263158 369.084210526316 389.877631578947 421.454736842106
0 2.5e-07 0.5 0.05333 0.5 373.360915789474 321.999736842105 350.607894736842 373.092105263158 393.978947368421 427.722894736842 373.097105263158 322.003684210527 351.447368421053 372.142105263158 393.868421052631 428.047631578947
0 2.5e-07 0.01 0.0667 0.001 359.975438596491 314.825 335.667105263158 355.902631578948 392.267105263158 404.555263157895 363.803376365442 299.853684210527 341.342105263158 365.778947368421 398.931578947368 413.550526315789
0 2.5e-07 0.01 0.0667 0.01 362.002164685908 314.565789473684 338.243421052632 361.894736842105 381.493421052632 414.472105263158 360.90875013621 311.844736842105 339.021052631579 359.626315789474 382.85 413.511578947368
0 2.5e-07 0.01 0.0667 0.1 365.830167182663 314.72 345.144736842105 364.334210526315 385.96447368421 418.501315789474 367.124018755598 317.08052631579 344.478947368421 366.373684210526 389.384210526316 418.718947368421
0 2.5e-07 0.01 0.0667 0.5 372.913310526316 321.548684210526 349.909210526316 372.255263157894 393.517105263158 428.853684210526 373.275984210526 322.59 351.123684210526 372.781578947368 394.678947368421 426.986842105263
0 2.5e-07 0.5 0.0667 0.001 354.911320754717 306.546315789474 333.673684210526 350.605263157895 375.363157894737 407.99052631579 360.212343358396 304.368157894737 335.757894736842 359.544736842105 385.019736842105 420.192105263158
0 2.5e-07 0.5 0.0667 0.01 360.646190355115 306.2 337.294736842105 361.821052631579 382.636842105263 412.384210526316 360.124979925542 309.315789473684 339.568421052632 359.7 381.394736842105 410.963157894737
0 2.5e-07 0.5 0.0667 0.1 368.67997368421 316.342368421052 345.738157894737 368.363157894737 389.430263157895 422.482105263158 368.809389473684 319.496842105263 348.169736842105 368.039473684211 389.731578947368 421.923157894737
0 2.5e-07 0.5 0.0667 0.5 372.407052631579 321.993684210527 352.134210526316 370.731578947368 392.838157894736 424.34947368421 372.485152631579 323.74947368421 349.676315789474 372.628947368421 394.926315789473 425.265263157895
0 2.5e-07 0.01 0.1334 0.001 352.07 310.537631578947 327.665789473684 340.478947368421 381.21447368421 400.91552631579 352.241418764302 305.72 329.628947368421 353.331578947368 372.414473684211 405.616842105263
0 2.5e-07 0.01 0.1334 0.01 354.375847953216 297.111052631579 330.840789473684 354.373684210526 377.251315789474 408.617105263157 353.858355903667 304.515789473684 331.792105263158 352.031578947368 374.986842105263 405.308421052632
0 2.5e-07 0.01 0.1334 0.1 364.939155037908 309.332105263158 343.430263157895 365.742105263158 386.432894736842 420.183684210526 369.493789473684 321.552631578947 347.251315789474 368.131578947368 391.926315789473 423.683421052632
0 2.5e-07 0.01 0.1334 0.5 373.033015789474 320.708421052631 351.236842105263 372.055263157895 394.361842105263 424.680789473684 373.047494736842 322.652368421053 351.355263157895 371.371052631578 394.102631578947 425.918947368421
0 2.5e-07 0.5 0.1334 0.001 347.279914070892 304.090263157894 326.756578947369 349.428947368421 363.01447368421 396.521842105263 348.42780399274 295.515789473685 328.668421052632 350.031578947368 369.184210526316 393.421052631579
0 2.5e-07 0.5 0.1334 0.01 355.191165188958 302.969473684211 332.636842105263 356.336842105263 377.142105263158 408.123157894736 355.200319155109 307.125263157895 334.292105263158 354 375.115789473684 404.598947368421
0 2.5e-07 0.5 0.1334 0.1 369.086989473684 317.991052631578 346.418421052632 368.284210526316 390.293421052632 428.502894736843 368.804931578947 318.266578947368 346.414473684211 370.136842105263 390.831578947368 424.098684210526
0 2.5e-07 0.5 0.1334 0.5 373.512231578947 321.51 351.725 371.415789473684 394.523684210526 429.694473684211 372.714036842105 322.443421052632 350.667105263158 372.218421052631 393.946052631579 422.05447368421
0.00034 2.5e-07 0.01 0 0.001 466.326315789474 400.913684210526 422.163157894737 485.557894736842 502.878947368421 525.892105263158 502.968421052631 435.755263157895 451.394736842105 504.473684210526 553.807894736842 571.36052631579
0.00034 2.5e-07 0.01 0 0.01 500.681704260652 443.964736842105 469.018421052632 496.642105263158 530.3 573.150526315789 480.680861244019 407.12 446.105263157895 482.957894736842 517.694736842105 540.055789473684
0.00034 2.5e-07 0.01 0 0.1 485.216983352951 414.927368421053 453.663157894737 485.642105263158 519.710526315789 553.174736842105 487.568952349328 420.883157894737 461.168421052632 491.563157894737 514.042105263158 550.563157894737
0.00034 2.5e-07 0.01 0 0.5 487.635071770335 423.157894736842 461.71447368421 487.43947368421 515.932894736842 555.466578947368 488.328377577235 418.81 459.992105263157 487.963157894737 515.613157894737 554.527368421053
0.00034 2.5e-07 0.5 0 0.001 466.326315789474 400.913684210526 422.163157894737 485.557894736842 502.878947368421 525.892105263158 502.968421052631 435.755263157895 451.394736842105 504.473684210526 553.807894736842 571.36052631579
0.00034 2.5e-07 0.5 0 0.01 500.681704260652 443.964736842105 469.018421052632 496.642105263158 530.3 573.150526315789 480.680861244019 407.12 446.105263157895 482.957894736842 517.694736842105 540.055789473684
0.00034 2.5e-07 0.5 0 0.1 485.216983352951 414.927368421053 453.663157894737 485.642105263158 519.710526315789 553.174736842105 487.568952349328 420.883157894737 461.168421052632 491.563157894737 514.042105263158 550.563157894737
0.00034 2.5e-07 0.5 0 0.5 487.635071770335 423.157894736842 461.71447368421 487.43947368421 515.932894736842 555.466578947368 488.328377577235 418.81 459.992105263157 487.963157894737 515.613157894737 554.527368421053
0.00034 2.5e-07 0.01 0.0067 0.001 482.684962406015 389.549473684211 435.015789473684 499.042105263158 538.968421052632 544.522631578948 498.675939849624 441.898947368421 462.828947368421 492.284210526316 528.892105263158 567.887894736842
0.00034 2.5e-07 0.01 0.0067 0.01 480.816666666667 410.587631578947 454.996052631579 481.247368421052 510.107894736842 546.765789473684 463.577275541796 390.545263157895 427.863157894737 470.757894736842 495.415789473684 524.635789473685
0.00034 2.5e-07 0.01 0.0067 0.1 471.349282296651 400.545263157894 437.043421052632 471.186842105263 505.402631578947 543.536578947368 469.351989086428 398.406315789474 439.118421052632 469.331578947368 498.205263157894 537.975789473684
0.00034 2.5e-07 0.01 0.0067 0.5 471.77450959374 402.577894736842 444.311842105263 471.255263157894 500.184210526316 536.900526315789 470.686512168083 399.82947368421 440.463157894737 469.857894736842 499.7 547.996842105263
0.00034 2.5e-07 0.5 0.0067 0.001 491.722807017544 451.534736842105 455.468421052632 498.026315789474 516.457894736842 548.609473684211 485.237246963563 428.992631578947 452.310526315789 481.821052631579 522.557894736842 559.170526315789
0.00034 2.5e-07 0.5 0.0067 0.01 474.734016620499 416.666315789474 451.181578947369 474.310526315789 495.563157894737 535.348947368421 469.44821587868 381.434736842106 436.880263157895 474.289473684211 500.622368421052 545.805
0.00034 2.5e-07 0.5 0.0067 0.1 476.095703716159 402.846052631579 445.596052631579 474.565789473684 504.381578947369 553.894736842106 471.35076055131 405.285263157894 440.405263157895 470.926315789474 500.242105263158 541.424210526316
0.00034 2.5e-07 0.5 0.0067 0.5 478.154262042594 411.210526315789 452.705263157895 477.736842105263 506.628947368421 544.226315789473 475.202218574606 403.842105263158 447.08552631579 474.944736842105 502.746052631579 543.068421052631
0.00034 2.5e-07 0.01 0.01333 0.001 460.545864661654 348.748421052632 435.831578947368 486.342105263158 502.178947368421 525.472105263157 472.002339181287 429.236842105263 453.921052631579 466.289473684211 482.221052631579 528.625263157895
0.00034 2.5e-07 0.01 0.01333 0.01 450.318842105263 397.578684210526 427.017105263158 447.373684210527 468.219736842105 505.14947368421 452.101466165414 380.75947368421 426.690789473684 455.886842105263 477.956578947368 524.503421052632
0.00034 2.5e-07 0.01 0.01333 0.1 453.107064777328 383.055789473685 425.868421052632 454.055263157895 483.514473684211 521.159210526316 453.692128033309 386.421052631579 423.321052631579 453.1 484.594736842105 518.837894736842
0.00034 2.5e-07 0.01 0.01333 0.5 456.691960381434 389.028421052632 428.223684210526 454.552631578947 485.515789473684 527.844736842105 456.038996891628 389.543157894737 426.197368421052 455.326315789474 482.207894736842 528.556842105263
0.00034 2.5e-07 0.5 0.01333 0.001 485.68 435.714210526316 457.842105263158 491.494736842105 506.8 547.406315789474 469.421637426901 422.265263157895 449.643421052632 469.88947368421 483.307894736842 518.703157894737
0.00034 2.5e-07 0.5 0.01333 0.01 467.390182710663 392.772631578947 440.863157894737 468.647368421053 493.573684210526 537.761052631579 453.283623011016 386.437894736842 422.828947368421 452.563157894737 482.023684210526 520.519473684211
0.00034 2.5e-07 0.5 0.01333 0.1 465.370306362922 393.168421052632 436.602631578947 463.952631578947 493.894736842105 541.052631578947 461.062738655034 393.457894736842 434.484210526316 458.510526315789 490.094736842105 526.006315789474
0.00034 2.5e-07 0.5 0.01333 0.5 467.072384210526 397.887894736843 439.123684210526 468.813157894736 493.138157894737 534.322105263158 465.578842105263 398.175789473684 435.493421052632 464.431578947369 493.93947368421 536.461052631579
0.00034 2.5e-07 0.01 0.02667 0.001 450.71447368421 384.588684210527 415.003947368421 445.56052631579 488.763157894737 521.836578947368 433.439766081871 373.068947368421 394.111842105263 431.731578947368 456.552631578948 534.043421052632
0.00034 2.5e-07 0.01 0.02667 0.01 433.25140591204 359.292631578947 414.142105263158 434.731578947368 454.173684210526 487.396842105263 428.251605153964 369.747368421053 398.626315789474 425.142105263158 456.168421052632 504.268421052632
0.00034 2.5e-07 0.01 0.02667 0.1 432.952350341503 366.257894736842 405.231578947368 431.342105263158 462.694736842105 501.104210526316 432.526491962123 364.175 404.013157894737 433.002631578947 461.494736842105 501.635526315789
0.00034 2.5e-07 0.01 0.02667 0.5 440.186926315789 375.403421052631 412.7 440.242105263158 466.852631578947 506.180526315789 437.591894736842 369.422631578947 407.618421052632 434.684210526315 466.103947368421 515.131315789474
0.00034 2.5e-07 0.5 0.02667 0.001 474.482535885168 390.438684210526 456.359210526316 479.126315789473 510.271052631579 528.213421052632 443.58009868421 378.431052631579 412.605263157895 431.578947368421 492.489473684211 509.279736842105
0.00034 2.5e-07 0.5 0.02667 0.01 449.995178162798 381.594736842105 418.009210526316 447.255263157894 479.546052631579 522.332631578947 441.796707152497 373.711842105263 415.909210526316 442.328947368421 468.222368421053 512.194736842105
0.00034 2.5e-07 0.5 0.02667 0.1 449.51523489575 382.344736842105 420.510526315789 447.868421052632 479.878947368421 517.055263157895 447.495113920017 381.126315789473 418.618421052632 445.863157894737 476.568421052632 517.51052631579
0.00034 2.5e-07 0.5 0.02667 0.5 455.020884210526 384.392631578947 429.053947368421 454.313157894737 482.021052631579 523.438947368421 450.394305263158 381.879473684211 420.192105263158 449.378947368421 477.825 522.180789473684
0.00034 2.5e-07 0.01 0.05333 0.001 420.544210526316 367.703421052632 378.951315789474 403.097368421052 442.819736842105 518.171052631578 412.139281129653 351.694736842105 381.110526315789 406.794736842105 435.578947368421 480.568421052632
0.00034 2.5e-07 0.01 0.05333 0.01 413.135135135135 356.573684210526 390.510526315789 409.710526315789 432.960526315789 474.523684210526 408.514535109272 346.268421052631 380.071052631579 404.773684210526 434.363157894737 479.17
0.00034 2.5e-07 0.01 0.05333 0.1 416.977379480841 349.929473684211 387.8 416.636842105263 445.121052631579 486.224210526316 414.118911507225 354.327631578947 385.957894736842 413.147368421053 439.176315789473 479.827894736842
0.00034 2.5e-07 0.01 0.05333 0.5 420.680131578947 355.976578947369 394.778947368421 418.734210526316 446.780263157895 488.283421052632 420.682163157895 353.848157894737 394.152631578947 417.823684210526 446.446052631579 497.338157894737
0.00034 2.5e-07 0.5 0.05333 0.001 440.62582619339 371.895789473684 407.284210526316 433.726315789474 463.326315789473 514.167368421052 416.157750540735 347.928421052631 383.594736842105 420.957894736842 442.536842105263 479.305263157895
0.00034 2.5e-07 0.5 0.05333 0.01 428.93970503181 362.923684210526 399.092105263158 424.907894736842 456.971052631579 505.730263157895 422.413020744043 360.392894736842 395.332894736842 420.323684210526 448.405263157895 490.095789473684
0.00034 2.5e-07 0.5 0.05333 0.1 434.534426315789 362.489473684211 404.907894736842 434.3 464.202631578947 504.558157894737 427.345394736842 363.627631578947 396.746052631579 425.944736842105 456.210526315789 498.903684210526
0.00034 2.5e-07 0.5 0.05333 0.5 439.949384210526 368.872105263158 411.103947368421 439.794736842105 469.759210526316 510.111315789473 430.805331578947 360.997105263158 401.557894736842 431.334210526316 458.030263157895 500.289210526316
0.00034 2.5e-07 0.01 0.0667 0.001 430.420526315789 391.570789473684 402.348684210526 416.294736842106 425.68552631579 518.171052631578 406.36697626419 344.971052631579 377.194736842105 404.978947368421 431.084210526316 462.68947368421
0.00034 2.5e-07 0.01 0.0667 0.01 407.3182374541 350.530526315789 386.389473684211 407.147368421053 432.415789473684 459.202105263158 401.855975760296 338.907368421053 374.594736842105 400.542105263158 428.473684210526 465.502105263158
0.00034 2.5e-07 0.01 0.0667 0.1 406.984265350877 350.168947368421 378.826315789474 405.115789473684 432.392105263158 470.707631578947 408.604194736842 346.996052631579 381.011842105263 408.523684210526 433.278947368421 475.027368421053
0.00034 2.5e-07 0.01 0.0667 0.5 414.362347368421 352.526315789474 386.073684210526 414.421052631579 439.928947368421 479.457368421053 412.069657894737 343.596052631579 383.244736842106 412.155263157895 440.328947368421 480.958684210526
0.00034 2.5e-07 0.5 0.0667 0.001 421.57961722488 350.932631578948 389.665789473685 417.468421052632 451.18947368421 497.956315789473 411.498934837093 339.31052631579 383.781578947369 417.33947368421 436.834210526316 489.635789473684
0.00034 2.5e-07 0.5 0.0667 0.01 421.053677408384 363.038947368421 394.076315789473 418.5 445.544736842106 492.697894736842 410.596593111674 347.289473684211 382.440789473684 408.368421052632 437.609210526316 478.040789473685
0.00034 2.5e-07 0.5 0.0667 0.1 427.161668421053 359.770789473684 396.732894736843 427.415789473684 456.786842105263 497.793157894736 421.183936842105 353.521052631579 395.240789473684 418.944736842105 450.4 493.190789473684
0.00034 2.5e-07 0.5 0.0667 0.5 433.429526315789 368.528684210526 406.377631578948 431.926315789474 461.206578947368 502.61 426.181315789474 363.351052631579 398.130263157895 423.381578947369 452.472368421053 494.596842105264
0.00034 2.5e-07 0.01 0.1334 0.001 407.530526315789 346.323947368421 377.059210526315 391.526315789474 401.686842105264 518.223157894737 372.519493177388 310.036842105263 342.642105263158 367.557894736842 401.884210526316 440.763157894737
0.00034 2.5e-07 0.01 0.1334 0.01 384.425274725275 333.409473684211 360.519736842105 384.665789473684 405.977631578947 438.022631578947 381.116392466314 323.622631578948 356.2 378.489473684211 406.352631578947 441.414736842105
0.00034 2.5e-07 0.01 0.1334 0.1 393.160695216302 332.628947368421 367.557894736843 393.15 417.386842105263 457.959210526316 393.037168421053 334.182105263158 368.288157894737 393.460526315789 417.690789473684 454.862631578947
0.00034 2.5e-07 0.01 0.1334 0.5 398.758610526316 339.846842105263 374.692105263158 399.144736842106 421.653947368421 463.982894736842 398.138436842105 337.963947368421 371.880263157895 398.121052631579 423.181578947369 459.059736842106
0.00034 2.5e-07 0.5 0.1334 0.001 394.53007518797 339.988421052632 366.460526315789 389.23947368421 417.180263157895 461.053947368421 385.271512697828 326.528947368422 359.613157894737 383.857894736842 404.307894736842 461.681578947368
0.00034 2.5e-07 0.5 0.1334 0.01 398.441986779746 337.121315789473 370.060526315789 398.41052631579 424.761842105263 462.66947368421 388.931931390977 330.597368421053 361.286842105263 386.2 413.706578947368 456.8
0.00034 2.5e-07 0.5 0.1334 0.1 412.044305263158 352.529210526315 383.559210526316 409.631578947368 438.027631578947 479.300526315789 406.038526315789 343.063947368421 377.868421052632 406.336842105263 432.667105263158 471.148157894737
0.00034 2.5e-07 0.5 0.1334 0.5 413.992526315789 350.83447368421 386.065789473685 412.028947368421 441.317105263157 480.081052631579 406.317936842105 344.101842105263 378.178947368421 404.794736842105 432.203947368421 474.311052631578
0.0017 2.5e-07 0.01 0 0.001 533.303947368421 495.872368421053 528.225 543.68947368421 548.768421052631 556.195789473684 554.501315789474 527.626315789473 535.268421052631 556.926315789474 576.159210526316 577.981315789474
0.0017 2.5e-07 0.01 0 0.01 538.33216374269 492.215789473684 528.878947368421 539.786842105263 556.163157894737 574.821052631579 536.412563667233 479.692105263158 509.23947368421 534.531578947368 563.918421052632 592.447368421053
0.0017 2.5e-07 0.01 0 0.1 539.316961130742 481.395263157894 517.45 540.884210526316 563.097368421053 591.145263157895 541.793501438484 489.43947368421 518.307894736842 543.021052631579 561.092105263158 598.455263157894
0.0017 2.5e-07 0.01 0 0.5 539.397575162941 486.25 517.355263157895 539.3 561.347368421053 593.56052631579 542.641808149406 486.882894736842 519.805263157895 542.260526315789 565.198684210526 599.180526315789
0.0017 2.5e-07 0.5 0 0.001 533.303947368421 495.872368421053 528.225 543.68947368421 548.768421052631 556.195789473684 554.501315789474 527.626315789473 535.268421052631 556.926315789474 576.159210526316 577.981315789474
0.0017 2.5e-07 0.5 0 0.01 538.33216374269 492.215789473684 528.878947368421 539.786842105263 556.163157894737 574.821052631579 536.412563667233 479.692105263158 509.23947368421 534.531578947368 563.918421052632 592.447368421053
0.0017 2.5e-07 0.5 0 0.1 539.316961130742 481.395263157894 517.45 540.884210526316 563.097368421053 591.145263157895 541.793501438484 489.43947368421 518.307894736842 543.021052631579 561.092105263158 598.455263157894
0.0017 2.5e-07 0.5 0 0.5 539.397575162941 486.25 517.355263157895 539.3 561.347368421053 593.56052631579 542.641808149406 486.882894736842 519.805263157895 542.260526315789 565.198684210526 599.180526315789
0.0017 2.5e-07 0.01 0.0067 0.001 534.21447368421 509.973421052631 523.340789473684 535.828947368421 546.702631578948 556.195263157895 543.644078947368 494.827631578948 520.863157894737 539.997368421052 577.892105263158 586.456842105263
0.0017 2.5e-07 0.01 0.0067 0.01 544.538157894737 489.990789473684 512.813157894737 550.407894736842 562.497368421053 603.773421052631 532.289819944598 467.723684210526 505.732894736842 534.718421052632 560.647368421053 581.457894736842
0.0017 2.5e-07 0.01 0.0067 0.1 533.921052631579 476.676315789474 510.357894736842 535 556.613157894737 588.765263157895 533.789530176066 471.30052631579 510.915789473685 534.736842105263 556.505263157894 589.962105263158
0.0017 2.5e-07 0.01 0.0067 0.5 537.090170606601 482.506052631579 513.244736842105 536.597368421052 559.639473684211 593.816315789474 537.315687950842 477.64 512.642105263158 538.068421052632 561.768421052632 593.101052631579
0.0017 2.5e-07 0.5 0.0067 0.001 522.587969924812 500.152631578947 508.971052631579 509.852631578947 536.734210526316 555.631052631579 542.611842105263 514.622631578947 516.493421052632 536.802631578948 562.352631578947 585.880263157895
0.0017 2.5e-07 0.5 0.0067 0.01 537.161842105263 484.735526315789 509.772368421053 539.192105263158 561.217105263158 592.571052631579 532.100453720508 485.102631578947 508.102631578947 532.065789473685 553.836842105263 578.43552631579
0.0017 2.5e-07 0.5 0.0067 0.1 537.758736094232 482.141052631579 515.010526315789 536.957894736842 559.31052631579 594.045789473684 536.518694069468 478.661315789473 514.228947368421 536.021052631579 559.107894736842 592.106842105263
0.0017 2.5e-07 0.5 0.0067 0.5 537.667313019391 478.876578947369 514.373684210527 538.405263157895 560.660526315789 592.135 538.163233159508 478.718947368421 515.226315789474 538.778947368421 562.097368421052 598.714736842105
0.0017 2.5e-07 0.01 0.01333 0.001 523.215789473684 463.184210526316 498.468421052632 550.326315789474 553.910526315789 557.990526315789 537.928421052632 492.372105263158 517.960526315789 533.642105263158 558.352631578948 593.596842105263
0.0017 2.5e-07 0.01 0.01333 0.01 526.672421052632 482.922894736842 505.142105263158 527.915789473684 543.678947368421 575.919210526316 521.536367233874 465.44 493.184210526316 523.610526315789 546.831578947368 574.453684210526
0.0017 2.5e-07 0.01 0.01333 0.1 522.528098471986 463.236842105263 499.053947368421 521.947368421052 547.510526315789 577.577631578947 523.739626192485 460.95 501.405263157895 522.705263157895 549.071052631579 583.034210526316
0.0017 2.5e-07 0.01 0.01333 0.5 526.935683051473 471.366842105263 501.052631578948 526.626315789474 552.31052631579 584.905789473684 528.048015789474 467.088421052632 502.976315789474 527.971052631579 553.05 588.71552631579
0.0017 2.5e-07 0.5 0.01333 0.001 523.513909774436 470.366842105263 495.669736842105 532.397368421053 541.922368421053 577.810789473684 535.807309941521 466.108947368421 520.007894736842 539.518421052632 547.830263157894 590.795526315789
0.0017 2.5e-07 0.5 0.01333 0.01 530.357769423559 473.592894736842 507.832894736842 530.415789473685 552.936842105263 587.891842105263 524.195151672284 466.050526315789 497.281578947369 521.542105263158 553.986842105264 593.241052631579
0.0017 2.5e-07 0.5 0.01333 0.1 531.834317808911 472.017631578947 506.926315789474 532.960526315789 556.114473684211 594.269736842105 530.559706643658 473.31 507.031578947368 530.184210526316 555.826315789473 586.232631578947
0.0017 2.5e-07 0.5 0.01333 0.5 532.639031578947 478.076315789474 509.776315789474 533.31052631579 555.281578947368 588.813684210526 534.227578947368 474.304736842106 510.43552631579 535.757894736842 556.827631578948 596.903421052632
0.0017 2.5e-07 0.01 0.02667 0.001 521.629323308271 468.57052631579 508.455263157895 530.468421052632 544.610526315789 555.798421052632 511.939473684211 452.601315789474 497.193421052632 510.876315789474 533.132894736842 577.35
0.0017 2.5e-07 0.01 0.02667 0.01 506.184556786704 442.744736842105 485.78552631579 507.207894736842 528.847368421053 582.703947368421 506.605398689858 437.386315789474 479.305263157895 507.921052631579 535.5 568.844210526316
0.0017 2.5e-07 0.01 0.02667 0.1 509.305012145749 454.331842105263 487.593421052632 509.423684210527 530.869736842105 566.877368421053 509.821140995195 452.295789473684 486.268421052632 509.010526315789 533.873684210526 569.861052631579
0.0017 2.5e-07 0.01 0.02667 0.5 513.877052631579 456.560789473684 491.285526315789 514.913157894737 536.165789473684 567.866578947368 511.662863157895 444.928157894737 487.598684210526 513.163157894737 536.740789473684 573.607894736842
0.0017 2.5e-07 0.5 0.02667 0.001 534.779176201373 488.75 515.692105263158 540.610526315789 555.294736842106 573.755789473684 523.786687306502 485.212631578948 501.001315789474 518.642105263158 541.215789473684 583.035263157895
0.0017 2.5e-07 0.5 0.02667 0.01 521.250609857978 459.982631578948 499.084210526316 520.878947368421 545.871052631579 576.492105263158 514.752701382102 457.237894736842 489 514.805263157895 539.531578947368 577.215789473684
0.0017 2.5e-07 0.5 0.02667 0.1 524.815730397422 464.901052631579 500.328947368421 524.055263157895 548.171052631579 584.97447368421 519.313663052103 458.737894736842 495.260526315789 518.31052631579 545.768421052632 577.234210526316
0.0017 2.5e-07 0.5 0.02667 0.5 526.972552631579 468.353157894737 502.430263157894 527.113157894737 551.314473684211 583.484210526316 520.204210526316 458.059473684211 494.71447368421 520.778947368421 546.025 581.397105263158
0.0017 2.5e-07 0.01 0.05333 0.001 501.252631578947 451.225263157895 470.284210526316 501.515789473684 528.365789473684 557.456315789474 479.044987468672 409.452631578947 457.46447368421 483.584210526316 497.086842105263 523.819736842106
0.0017 2.5e-07 0.01 0.05333 0.01 483.179323308271 423.066315789474 456.368421052632 489.184210526315 509.194736842105 536.458421052632 476.258533090151 411.17552631579 447.631578947368 475.852631578947 503.105263157895 540.346052631579
0.0017 2.5e-07 0.01 0.05333 0.1 481.800749088067 420.1 457.903947368421 480.907894736842 508.034210526316 542.635 484.244655181497 421.136842105264 457.802631578947 483.121052631579 510.205263157895 550.251578947368
0.0017 2.5e-07 0.01 0.05333 0.5 488.464773684211 426.527631578947 462.501315789474 488.473684210526 514.426315789474 548.683684210526 487.994563157895 426.995 462.080263157895 489.178947368421 513.338157894737 549.421315789473
0.0017 2.5e-07 0.5 0.05333 0.001 507.702506265664 466.976842105263 484.882894736842 506.489473684211 529.684210526316 552.363947368421 490.220056899004 428.210526315789 462.653947368421 490.221052631579 515.95 552.83052631579
0.0017 2.5e-07 0.5 0.05333 0.01 508.373942114815 452.665789473685 483.742105263158 508.831578947368 532.052631578947 568.18947368421 495.182982171799 430.643157894737 469.531578947368 494.594736842105 521.221052631579 557.128421052631
0.0017 2.5e-07 0.5 0.05333 0.1 509.968110526316 446.139736842106 483.603947368421 510.731578947368 536.057894736842 568.916842105263 502.958652631579 441.058421052632 476.357894736842 502.455263157894 528.925 565.043684210526
0.0017 2.5e-07 0.5 0.05333 0.5 512.889189473684 455.848947368421 488.497368421053 513.384210526316 535.848684210526 573.990789473684 505.788142105263 441.136842105263 478.218421052632 505.736842105263 533.539473684211 572.418684210526
0.0017 2.5e-07 0.01 0.0667 0.001 491.564210526316 410.698421052631 484.73947368421 492.628947368421 526.261842105263 550.133684210526 469.484526315789 403.643684210526 446.618421052632 463.571052631579 489.432894736842 543.48
0.0017 2.5e-07 0.01 0.0667 0.01 469.056195607128 407.560526315789 442.542105263158 472.563157894737 494.794736842105 520.908421052632 468.293421052632 406.335526315789 439.527631578947 469.115789473685 494.775 537.171842105263
0.0017 2.5e-07 0.01 0.0667 0.1 474.730266268508 411.613157894737 447.971052631579 472.763157894737 501.843421052632 543.997368421053 477.531089473684 410.43 453.475 476.744736842106 504.118421052632 540.507105263158
0.0017 2.5e-07 0.01 0.0667 0.5 479.720231578947 416.609473684211 454.507894736842 478.918421052632 505.842105263158 542.452105263158 479.574147368421 413.928421052632 453.298684210527 479.228947368421 506.569736842105 545.390263157894
0.0017 2.5e-07 0.5 0.0667 0.001 507.177557100298 445.095789473684 483.2 507.247368421053 533.031578947368 554.368421052632 486.61213622291 424.529473684211 460.942105263158 485.826315789474 509.478947368421 554.603157894737
0.0017 2.5e-07 0.5 0.0667 0.01 501.905373336723 434.584210526316 477.768421052632 502.252631578947 529.521052631579 567.336842105263 489.892000894588 427.667105263158 463.65 489.681578947368 516.571052631579 554.972368421053
0.0017 2.5e-07 0.5 0.0667 0.1 504.282147368421 438.60947368421 477.573684210527 504.207894736842 530.980263157895 569.488684210526 497.185510526316 434.410263157895 471.732894736842 496.186842105264 523.660526315789 561.641052631579
0.0017 2.5e-07 0.5 0.0667 0.5 506.451878947368 444.801842105263 479.91447368421 505.436842105264 531.23947368421 570.479473684211 498.332884210526 428.966052631579 474.173684210526 499.815789473685 525.342105263158 564.986315789474
0.0017 2.5e-07 0.01 0.1334 0.001 446.458421052632 363.684736842105 395.942105263158 446.278947368421 474.302631578947 553.207631578947 434.211731135067 372.857368421053 404.973684210526 433.710526315789 464.726315789473 498.74947368421
0.0017 2.5e-07 0.01 0.1334 0.01 437.869340016708 378.44 417.484210526316 437.715789473684 461.021052631579 505.33052631579 435.549846522423 373.063684210526 407.273684210526 434.968421052632 461.092105263158 504.852631578947
0.0017 2.5e-07 0.01 0.1334 0.1 447.416498187012 380.425789473685 418.946052631579 446.744736842105 474.852631578947 516.257894736842 446.992347368421 380.221315789474 421.348684210526 445.173684210527 474.168421052632 510.101842105263
0.0017 2.5e-07 0.01 0.1334 0.5 450.559452631579 388.453947368421 424.143421052632 451.43947368421 475.897368421053 513.008157894737 448.489852631579 383.203421052631 422.527631578947 448.721052631579 476.78552631579 513.93947368421
0.0017 2.5e-07 0.5 0.1334 0.001 478.289101071262 421.378947368421 448.9 473.289473684211 506.663157894737 546.00947368421 454.359576023392 388.101578947368 425.822368421052 452.931578947369 480.485526315789 525.883157894737
0.0017 2.5e-07 0.5 0.1334 0.01 471.701278195489 404.749736842105 443.431578947369 474.071052631579 498.273684210527 538.572105263158 462.032916642327 394.121052631579 432.68947368421 463.073684210526 490.752631578947 531.68947368421
0.0017 2.5e-07 0.5 0.1334 0.1 480.372194736842 413.249736842105 455.007894736842 480.247368421052 507.707894736842 547.037368421053 474.802915789474 407.681578947368 446.710526315789 474.460526315789 501.323684210526 546.385789473684
0.0017 2.5e-07 0.5 0.1334 0.5 484.999705263158 425.151052631579 458.05 484.128947368421 509.83552631579 548.985 474.331163157895 401.020789473684 444.932894736842 473.542105263158 504.161842105263 547.782105263158
0.0034 2.5e-07 0.01 0 0.001 556.002631578948 527.268947368421 536.471052631579 550.078947368421 569.610526315789 593.029473684211 548.885380116959 497.161052631579 533.778947368421 555.794736842105 574.252631578947 579.595789473684
0.0034 2.5e-07 0.01 0 0.01 554.157585139319 510.335263157894 535.435526315789 551.063157894737 568.757894736842 610.333684210526 543.461111111111 501.45 514.219736842105 545.171052631579 562.16052631579 585.669736842105
0.0034 2.5e-07 0.01 0 0.1 552.499905338887 506.393684210527 531.542105263158 553.352631578947 571.672368421052 601.115789473684 548.74350195878 495.107368421053 528.605263157895 548.373684210526 571.778947368421 600.434736842105
0.0034 2.5e-07 0.01 0 0.5 548.017954101209 491.368947368421 524.663157894737 548.5 571.342105263158 603.894210526316 550.078183009391 501.645789473684 528.694736842105 548.726315789474 569.771052631579 603.171578947369
0.0034 2.5e-07 0.5 0 0.001 556.002631578948 527.268947368421 536.471052631579 550.078947368421 569.610526315789 593.029473684211 548.885380116959 497.161052631579 533.778947368421 555.794736842105 574.252631578947 579.595789473684
0.0034 2.5e-07 0.5 0 0.01 554.157585139319 510.335263157894 535.435526315789 551.063157894737 568.757894736842 610.333684210526 543.461111111111 501.45 514.219736842105 545.171052631579 562.16052631579 585.669736842105
0.0034 2.5e-07 0.5 0 0.1 552.499905338887 506.393684210527 531.542105263158 553.352631578947 571.672368421052 601.115789473684 548.74350195878 495.107368421053 528.605263157895 548.373684210526 571.778947368421 600.434736842105
0.0034 2.5e-07 0.5 0 0.5 548.017954101209 491.368947368421 524.663157894737 548.5 571.342105263158 603.894210526316 550.078183009391 501.645789473684 528.694736842105 548.726315789474 569.771052631579 603.171578947369
0.0034 2.5e-07 0.01 0.0067 0.001 541.491228070175 497.690789473684 531.159210526316 545.844736842105 560.917105263157 574.15 552.833333333333 499.48552631579 542.607894736842 553.463157894737 579.692105263158 590.353947368421
0.0034 2.5e-07 0.01 0.0067 0.01 548.955756578947 510.511052631579 521.351315789474 543.918421052632 564.71447368421 606.345 552.459483614697 495.598947368421 526.342105263158 552.331578947368 573.631578947368 622.312631578948
0.0034 2.5e-07 0.01 0.0067 0.1 544.518369788107 491.669736842106 523.378947368421 545.984210526316 564.881578947369 600.072368421052 547.932326185835 494.473684210526 526.028947368421 547.915789473684 568.889473684211 600.847368421053
0.0034 2.5e-07 0.01 0.0067 0.5 548.141077441077 497.205263157894 526.792105263158 548.526315789474 568.897368421053 603.805263157895 547.855180055402 494.209210526316 525.075 547.93947368421 570.943421052632 602.521052631579
0.0034 2.5e-07 0.5 0.0067 0.001 542.046315789474 513.427368421053 533.663157894737 540.157894736842 559.215789473684 566.904210526316 543.078070175439 500.371052631579 516.175 542.578947368421 572.043421052632 585.953157894737
0.0034 2.5e-07 0.5 0.0067 0.01 548.00966221524 489.152105263158 529.584210526316 548.863157894737 567.207894736842 602.702105263158 547.949319929036 504.572631578948 526.005263157895 546.978947368421 566.926315789474 602.568421052631
0.0034 2.5e-07 0.5 0.0067 0.1 546.646598483107 498.114473684211 525.830263157895 547.592105263158 568.896052631579 595.309210526315 546.68151754386 489.034473684211 522.025 547.042105263158 570.131578947369 603.460789473684
0.0034 2.5e-07 0.5 0.0067 0.5 547.471464952704 493.430263157895 524.3 547.613157894737 570.094736842105 598.363684210527 549.397848921667 496.231052631579 525.671052631579 548.657894736842 571.852631578947 606.186052631579
0.0034 2.5e-07 0.01 0.01333 0.001 550.361052631579 488.845263157895 527.847368421053 540.31052631579 572.036842105263 620.42 544.165614035088 491.863684210526 523.6 551.157894736842 568.905263157895 576.484210526316
0.0034 2.5e-07 0.01 0.01333 0.01 547.834778121775 507.539473684211 525.818421052632 545.705263157895 563.313157894737 598.423684210527 543.207452258966 491.341052631579 525.752631578947 537.326315789474 563.857894736842 592.872631578947
0.0034 2.5e-07 0.01 0.01333 0.1 539.245751633987 483.72 516.076315789473 540.215789473684 563.036842105264 590.85052631579 540.82673909976 484.826315789473 518.573684210526 541.568421052632 563.222368421053 595.403947368421
0.0034 2.5e-07 0.01 0.01333 0.5 542.600529492746 486.667105263158 522.003947368421 541.963157894737 565.303947368421 595.872631578948 542.857068421053 487.252894736842 521.555263157895 542.76052631579 565.292105263158 598.570526315789
0.0034 2.5e-07 0.5 0.01333 0.001 550.651461988304 521.577894736842 539.757894736842 554.821052631579 560.331578947368 572.508421052632 547.650877192982 502.115789473684 519.784210526316 545.921052631579 574.794736842105 594.331578947368
0.0034 2.5e-07 0.5 0.01333 0.01 542.266336295284 490.280526315789 522.277631578947 543.507894736842 561.156578947368 596.263947368421 540.413870614035 487.053421052632 522.128947368421 540.431578947368 560.832894736842 591.612105263158
0.0034 2.5e-07 0.5 0.01333 0.1 542.703058412314 491.221052631579 520.547368421053 542.894736842105 565.384210526315 593.587368421053 542.973309545049 489.376842105263 521.636842105263 542.821052631579 567.068421052632 597.049473684211
0.0034 2.5e-07 0.5 0.01333 0.5 544.211799315362 489.858684210526 521.693421052631 544.668421052632 565.8 599.027631578948 544.21945309613 490.570526315789 521.042105263158 544.152631578947 568.684210526316 598.571578947368
0.0034 2.5e-07 0.01 0.02667 0.001 544.233834586466 505.690526315789 525.118421052631 539.710526315789 558.826315789473 590.025789473684 538.871745152355 483.937894736842 517.626315789474 549.973684210526 563.18947368421 589.319473684211
0.0034 2.5e-07 0.01 0.02667 0.01 527.909672830726 480.388684210526 510.672368421053 530.915789473684 549.136842105263 570.352631578947 523.505189375307 464.867894736842 500.248684210526 520.776315789474 551.378947368421 580.522105263158
0.0034 2.5e-07 0.01 0.02667 0.1 529.784133504493 477.997368421052 507.289473684211 530.573684210526 549.836842105263 583.312631578947 529.671105879715 476.161052631579 504.902631578948 530.08947368421 553.210526315789 587.607368421052
0.0034 2.5e-07 0.01 0.02667 0.5 533.354073684211 477.380789473685 510.463157894737 533.776315789474 555.942105263158 589.49947368421 531.273852631579 472.481578947368 507.069736842105 531.784210526316 556.482894736842 587.287894736842
0.0034 2.5e-07 0.5 0.02667 0.001 539.730861244019 500.023684210527 523.05 542.089473684211 553.467105263158 570.084210526316 541.348421052632 486.554210526315 524.947368421053 544.357894736842 563.910526315789 585.734736842105
0.0034 2.5e-07 0.5 0.02667 0.01 539.640986186396 482.257894736842 517.652631578947 542.526315789474 562.2 589.526315789474 531.92621594637 478.488421052632 507.826315789474 530.042105263158 555.694736842105 590.435789473684
0.0034 2.5e-07 0.5 0.02667 0.1 537.249012819819 481.935789473684 511.042105263158 537.473684210526 562.647368421053 594.88 534.687322976115 477.615789473684 511.307894736842 535.963157894737 557.768421052632 589.990789473684
0.0034 2.5e-07 0.5 0.02667 0.5 539.567742105263 486.638421052632 517.653947368421 540.363157894737 561.58552631579 592.14552631579 538.330157894737 482.824736842105 515.584210526316 539.536842105263 560.826315789474 592.85052631579
0.0034 2.5e-07 0.01 0.05333 0.001 510.921052631579 419.788421052631 465.131578947368 539.831578947368 570.478947368421 570.664210526315 501.634952766532 429.224736842105 475.444736842105 493.768421052632 522.107894736842 581.304210526316
0.0034 2.5e-07 0.01 0.05333 0.01 507.4917093619 453.8 484.594736842105 512.452631578947 533.515789473684 560.536842105263 503.626452494874 443.234736842105 482.436842105263 503.068421052632 529.547368421053 561.877894736842
0.0034 2.5e-07 0.01 0.05333 0.1 508.23408142999 447.386315789474 486.055263157895 510.068421052632 531.242105263158 560.68 510.477671131737 452.174736842105 484.494736842105 510.144736842105 535.184210526315 573.342105263158
0.0034 2.5e-07 0.01 0.05333 0.5 515.803778947368 460.858947368421 493.338157894737 515.976315789474 538.832894736842 570.435526315789 512.007289473684 450.507631578947 488.147368421053 512.157894736842 536.455263157894 574.766052631579
0.0034 2.5e-07 0.5 0.05333 0.001 528.024602203182 483.006842105263 507.907894736842 523.457894736842 549.668421052632 571.97052631579 515.61247296323 455.006315789474 486.684210526316 517.763157894737 537.021052631579 586.12
0.0034 2.5e-07 0.5 0.05333 0.01 529.080878802511 469.488421052631 504.210526315789 529.915789473684 554.384210526316 587.690526315789 518.952881385132 460.313157894737 492.813157894736 518.978947368421 544.628947368421 577.376315789473
0.0034 2.5e-07 0.5 0.05333 0.1 528.909430483115 471.791052631579 506.063157894736 527.957894736842 554.626315789473 584.841578947368 525.062831578947 461.673947368421 500.605263157895 525.85 551.048684210526 584.282105263158
0.0034 2.5e-07 0.5 0.05333 0.5 531.927136842105 476.933157894737 509.497368421053 532.342105263157 555.2 586.998421052631 525.726357894737 464.597368421053 500.714473684211 525.910526315789 550.764473684211 584.513157894737
0.0034 2.5e-07 0.01 0.0667 0.001 512.126900584795 456.871578947369 486.073684210526 530.421052631579 541.457894736842 554.1 499.844627192983 432.138684210526 478.061842105263 496.015789473684 524.561842105263 563.346315789474
0.0034 2.5e-07 0.01 0.0667 0.01 492.339930404524 434.410526315789 471.542105263158 493.005263157895 518.868421052632 545.705263157895 495.511824867846 442.653684210526 473.310526315789 495.15 516.606578947368 554.25552631579
0.0034 2.5e-07 0.01 0.0667 0.1 500.810570123287 445.768421052632 476.331578947368 501.047368421053 523.921052631579 559.352631578947 500.847610526316 436.373684210526 477.127631578947 501.836842105263 525.242105263158 561.6
0.0034 2.5e-07 0.01 0.0667 0.5 508.730857894737 450.925263157894 485.121052631579 508.473684210526 531.771052631579 565.825 505.822568421053 444.649210526316 480.832894736842 506.818421052631 530.632894736842 565.693157894737
0.0034 2.5e-07 0.5 0.0667 0.001 524.700105263158 467.938421052631 504.048684210526 530.447368421052 548.196052631578 563.738684210526 511.064749082007 459.936842105263 489.686842105263 508.407894736842 536.205263157895 559.025
0.0034 2.5e-07 0.5 0.0667 0.01 522.614422419686 462.955263157895 498.267105263158 521.75 549.456578947369 581.813157894736 515.438959381335 458.515789473684 492.094736842105 515.31052631579 538.173684210526 574.710526315789
0.0034 2.5e-07 0.5 0.0667 0.1 524.451810526316 466.796578947368 501.975 525.647368421053 547.18552631579 579.097105263158 521.343142105263 460.619736842105 496.460526315789 521.963157894737 545.467105263157 580.973947368421
0.0034 2.5e-07 0.5 0.0667 0.5 526.350973684211 465.458947368421 501.498684210526 528.213157894736 550.839473684211 582.889473684211 521.292915789474 458.728421052632 497.41447368421 522.844736842105 545.471052631579 581.073947368421
0.0034 2.5e-07 0.01 0.1334 0.001 483.853801169591 432.261052631579 443.742105263158 465.842105263158 541.931578947368 555.661052631579 456.223066926576 395.121052631579 428.168421052632 454.310526315789 481.268421052632 519.368421052632
0.0034 2.5e-07 0.01 0.1334 0.01 467.843684210526 409.44052631579 442.111842105263 469.057894736842 493.664473684211 528.975789473684 464.253789473684 399.270789473684 438.455263157895 464.036842105263 490.142105263158 525.729210526315
0.0034 2.5e-07 0.01 0.1334 0.1 472.043488848304 406.847368421053 445.226315789474 472.721052631579 498.863157894737 534.276315789474 474.130205263158 409.813684210526 450.128947368421 474.294736842105 499.738157894737 540.493947368421
0.0034 2.5e-07 0.01 0.1334 0.5 478.479205263158 417.916315789474 452.806578947368 479.252631578948 504.13947368421 536.643684210526 479.257810526316 409.927105263158 452.698684210526 480.107894736842 506.355263157895 542.673421052632
0.0034 2.5e-07 0.5 0.1334 0.001 503.158794421952 449.326315789473 478.294736842105 502.405263157895 529.094736842105 560.507368421052 484.710896960712 425.062894736842 460.905263157895 483.394736842105 509.642105263158 554.345
0.0034 2.5e-07 0.5 0.1334 0.01 503.844175604889 444.362894736842 479.451315789473 504 529.007894736842 561.417105263158 493.703761074928 435.757894736842 469.184210526316 493.763157894737 518.557894736842 555.111578947368
0.0034 2.5e-07 0.5 0.1334 0.1 510.475710526316 447.817368421053 485.877631578947 510.6 534.91447368421 573.921315789473 503.421989473684 442.420263157895 477.15 503.071052631578 528.130263157895 566.201315789473
0.0034 2.5e-07 0.5 0.1334 0.5 512.758678947368 451.081842105264 488.619736842105 513.476315789473 536.827631578948 572.036842105263 502.116836842105 438.08052631579 474.121052631579 501.986842105263 529.018421052632 564.517105263158
