m r d s f D_pi2_mean D_pi2_quantile0.05 D_pi2_quantile0.25 D_pi2_quantile0.50 D_pi2_quantile0.75 D_pi2_quantile0.95 HD_pi2_mean HD_pi2_quantile0.05 HD_pi2_quantile0.25 HD_pi2_quantile0.50 HD_pi2_quantile0.75 HD_pi2_quantile0.95
0 2.5e-07 0.01 0 0.001 373.899968421053 324.524210526316 352.477631578947 372.392105263157 397.006578947368 426.108947368421 374.450331578947 320.896842105263 352.148684210527 374.828947368421 395.993421052632 430.249473684211
0 2.5e-07 0.01 0 0.01 375.213278947368 318.855 353.303947368421 374.805263157895 398.325 430.681052631579 374.104884210526 323.596315789473 350.992105263157 373.826315789474 395.253947368421 428.983157894737
0 2.5e-07 0.01 0 0.1 374.046089473684 322.536842105263 353.603947368421 372.805263157895 395.684210526316 426.953684210526 373.7574 318.705263157895 351.644736842105 374.242105263158 396.619736842105 429.400263157895
0 2.5e-07 0.01 0 0.5 374.025052631579 321.793684210526 351.351315789474 373.318421052631 396.026315789474 426.992105263158 375.0351 320.499736842105 351.284210526316 373.18947368421 400.006578947368 430.305526315789
0 2.5e-07 0.5 0 0.001 373.899968421053 324.524210526316 352.477631578947 372.392105263157 397.006578947368 426.108947368421 374.450331578947 320.896842105263 352.148684210527 374.828947368421 395.993421052632 430.249473684211
0 2.5e-07 0.5 0 0.01 375.213278947368 318.855 353.303947368421 374.805263157895 398.325 430.681052631579 374.104884210526 323.596315789473 350.992105263157 373.826315789474 395.253947368421 428.983157894737
0 2.5e-07 0.5 0 0.1 374.046089473684 322.536842105263 353.603947368421 372.805263157895 395.684210526316 426.953684210526 373.7574 318.705263157895 351.644736842105 374.242105263158 396.619736842105 429.400263157895
0 2.5e-07 0.5 0 0.5 374.025052631579 321.793684210526 351.351315789474 373.318421052631 396.026315789474 426.992105263158 375.0351 320.499736842105 351.284210526316 373.18947368421 400.006578947368 430.305526315789
0 2.5e-07 0.01 0.0067 0.001 373.746994736842 324.524210526316 352.310526315789 372.271052631579 396.651315789473 425.492631578948 374.436431578947 321.415263157894 352.355263157895 374.692105263157 395.977631578947 430.249473684211
0 2.5e-07 0.01 0.0067 0.01 375.251278947368 321.925263157895 352.528947368421 374.668421052632 398.41447368421 431.727368421053 373.991905263158 323.325 351.78947368421 373.621052631579 394.521052631579 428.100789473684
0 2.5e-07 0.01 0.0067 0.1 373.123557894737 320.98552631579 351.180263157895 372.536842105264 394.932894736842 424.671578947368 372.849910526316 318.090789473684 350.526315789474 372.328947368421 393.185526315789 427.522368421053
0 2.5e-07 0.01 0.0067 0.5 373.620368421053 321.225 351.582894736842 374.6 394.484210526316 425.857894736842 373.889478947368 319.739736842105 350.388157894737 375 397.105263157895 430.154736842105
0 2.5e-07 0.5 0.0067 0.001 373.8822 324.584210526316 352.053947368421 372.494736842106 397.098684210526 425.558947368421 374.444842105263 321.415263157894 352.294736842105 374.497368421052 397.223684210526 429.515789473684
0 2.5e-07 0.5 0.0067 0.01 374.934484210526 320.160526315789 352.196052631579 373.934210526315 398.468421052632 429.955263157894 374.290015789474 324.178684210526 351.78947368421 373.755263157895 394.721052631579 429.351315789474
0 2.5e-07 0.5 0.0067 0.1 374.028868421053 323.992368421053 353.868421052632 374.639473684211 394.513157894737 425.404210526315 372.298857894737 318.578947368421 350.293421052631 371.102631578947 393.907894736842 428.833157894737
0 2.5e-07 0.5 0.0067 0.5 371.992494736842 320.193421052632 349.327631578947 372.457894736842 392.751315789474 421.412631578947 372.976763157895 319.535526315789 348.371052631579 371.897368421052 396.430263157895 430.354210526316
0 2.5e-07 0.01 0.01333 0.001 373.781268421053 324.524210526316 352.046052631579 372.271052631579 396.651315789473 425.701315789473 374.543768421053 320.296842105263 352.523684210526 374.681578947369 395.993421052632 430.766842105263
0 2.5e-07 0.01 0.01333 0.01 375.370342105263 322.586578947369 352.8 375.026315789474 398.553947368421 431.727368421053 373.792463157895 322.896315789474 351.213157894737 373.134210526316 394.834210526315 429.124210526316
0 2.5e-07 0.01 0.01333 0.1 374.188736842105 321.15052631579 352.367105263158 373.789473684211 396.176315789474 426.698157894737 372.424373684211 319.742105263158 350.352631578947 371.710526315789 395.143421052632 427.535263157895
0 2.5e-07 0.01 0.01333 0.5 373.597457894737 322.771842105263 351.371052631579 373.865789473684 393.498684210526 426.256578947368 373.374857894737 318.673157894737 348.721052631579 372.384210526316 397.414473684211 432.225
0 2.5e-07 0.5 0.01333 0.001 373.8209 324.483157894737 352.617105263158 371.915789473684 397.111842105263 426.187368421053 374.388631578947 319.529736842105 352.148684210527 374.602631578947 396.492105263158 429.540789473684
0 2.5e-07 0.5 0.01333 0.01 374.996747368421 319.405789473684 352.847368421053 373.807894736842 397.640789473684 431.573157894737 373.879389473684 323.687894736842 351.440789473684 373.210526315789 395.098684210527 427.945263157895
0 2.5e-07 0.5 0.01333 0.1 374.430163157895 323.776842105264 352.281578947368 374.605263157895 396.556578947369 425.917631578947 372.783452631579 316.795 351.402631578947 373.176315789474 393.411842105263 431.719736842105
0 2.5e-07 0.5 0.01333 0.5 373.795778947368 323.437631578947 351.126315789473 373.257894736842 395.967105263158 426.091052631579 373.148263157895 320.528947368421 349.01052631579 372.684210526315 394.507894736842 429.742631578948
0 2.5e-07 0.01 0.02667 0.001 373.714863157895 324.431052631579 351.969736842105 372.18947368421 396.761842105263 424.529473684211 374.463536842105 320.061842105263 352.451315789473 374.528947368421 395.73552631579 430.312894736843
0 2.5e-07 0.01 0.02667 0.01 375.0905 320.644210526316 352.793421052632 375.228947368421 396.873684210527 432.25447368421 373.936215789474 321.199210526316 351.739473684211 373.626315789474 394.95 428.091315789474
0 2.5e-07 0.01 0.02667 0.1 373.763452631579 323.847368421053 352.063157894737 373.715789473684 395.309210526315 425.552631578947 372.870547368421 321.335263157895 351.284210526316 371.223684210526 396.073684210526 426.409473684211
0 2.5e-07 0.01 0.02667 0.5 374.032010526316 320.708947368421 351.247368421052 373.334210526316 396.202631578947 428.556315789473 373.748047368421 319.481052631579 349.259210526316 373.834210526315 396.230263157895 432.267631578947
0 2.5e-07 0.5 0.02667 0.001 373.935215789474 324.489210526316 352.509210526316 371.913157894737 397.525 426.805263157895 374.409994736842 319.687105263158 352.728947368421 374.681578947369 395.868421052632 430.249473684211
0 2.5e-07 0.5 0.02667 0.01 375.452778947368 321.405789473684 353.053947368421 374.186842105263 397.353947368421 431.790263157895 374.098168421053 322.951578947368 352.153947368421 373.963157894737 395.080263157895 430.067105263158
0 2.5e-07 0.5 0.02667 0.1 374.059005263158 322.426315789473 352.135526315789 374.607894736842 395.615789473684 425.644736842105 373.171815789474 320.045263157895 350.332894736842 373.378947368421 396.261842105263 428.288157894737
0 2.5e-07 0.5 0.02667 0.5 373.231226315789 321.754473684211 350.348684210526 372.33947368421 394.759210526316 428.514736842106 373.852642105263 321.146052631579 350.325 372.734210526316 395.122368421053 432.253947368421
0 2.5e-07 0.01 0.05333 0.001 373.650521052632 324.483157894737 351.867105263158 372.11052631579 396.761842105263 424.941052631579 374.333557894737 320.226842105263 352.155263157895 374.097368421053 396.069736842105 430.249473684211
0 2.5e-07 0.01 0.05333 0.01 374.841863157895 321.248157894737 351.675 374.213157894736 397.576315789473 428.962894736842 373.635615789474 321.527894736842 351.768421052632 374.352631578947 393.667105263158 428.219736842105
0 2.5e-07 0.01 0.05333 0.1 374.142821052632 321.435526315789 352.068421052632 374.407894736842 395.848684210526 428.71447368421 372.570963157895 321.148947368421 351.021052631579 371.268421052631 395.153947368421 427.505
0 2.5e-07 0.01 0.05333 0.5 374.600526315789 320.9 351.882894736842 373.692105263158 396.809210526316 431.987368421053 373.988868421053 320.991315789474 349.872368421053 373.455263157894 397.306578947368 432.232894736842
0 2.5e-07 0.5 0.05333 0.001 373.769694736842 324.126052631579 352.284210526316 371.384210526315 397.078947368421 427.871578947369 373.756684210526 319.794210526316 351.98947368421 374.681578947369 395.38552631579 430.996578947369
0 2.5e-07 0.5 0.05333 0.01 375.234747368421 322.619736842105 351.876315789474 374.273684210526 397.907894736842 430.216578947368 373.781978947368 323.657894736842 351.471052631579 374.844736842105 394.607894736842 428.261052631579
0 2.5e-07 0.5 0.05333 0.1 373.575336842105 320.858157894737 352.026315789474 373.936842105263 393.543421052631 424.333157894737 372.460710526316 319.761842105263 350.690789473684 369.636842105263 393.681578947368 430.049210526316
0 2.5e-07 0.5 0.05333 0.5 373.088421052632 320.642894736842 352.688157894736 372.531578947369 395.090789473684 423.940789473684 374.515842105263 320.558947368421 350.164473684211 372.355263157895 397.806578947369 431.914210526315
0 2.5e-07 0.01 0.0667 0.001 373.629905263158 324.331842105263 352.310526315789 372.207894736842 396.972368421053 424.807894736843 374.356178947368 320.388947368421 352.21447368421 374.826315789473 396.446052631579 430.122368421052
0 2.5e-07 0.01 0.0667 0.01 374.990657894737 319.944736842106 351.457894736842 375.205263157894 398.494736842106 429.687631578948 373.586947368421 321.78 351.486842105263 374.013157894737 394.022368421053 430.17447368421
0 2.5e-07 0.01 0.0667 0.1 373.572531578947 322.632105263158 353.272368421053 373.271052631579 394.3 426.791052631579 372.947736842105 318.893421052632 351.768421052631 372.221052631579 394.103947368421 429.629210526316
0 2.5e-07 0.01 0.0667 0.5 373.567863157895 321.881315789474 351.027631578947 373.247368421052 395.66052631579 426.638947368421 373.429405263158 319.058684210526 348.518421052631 372.526315789474 394.989473684211 430.585
0 2.5e-07 0.5 0.0667 0.001 373.877005263158 324.454210526316 352.419736842105 372.01052631579 396.831578947368 427.168421052632 373.927042105263 320.084736842105 351.384210526316 374.884210526316 396.203947368421 430.687894736842
0 2.5e-07 0.5 0.0667 0.01 374.967531578947 320.762631578947 351.511842105263 374.392105263158 396.66052631579 430.597368421053 373.916052631579 322.962631578947 351.830263157895 374.278947368421 394.413157894737 428.533157894737
0 2.5e-07 0.5 0.0667 0.1 373.981673684211 324.770526315789 351.513157894737 374.144736842105 395.547368421053 426.958684210526 372.157515789474 320.577631578948 351.201315789474 371.455263157895 392.831578947368 426.755263157894
0 2.5e-07 0.5 0.0667 0.5 373.49047368421 322.316842105263 350.688157894737 374.384210526316 393.107894736842 424.897894736842 374.581589473684 320.28552631579 350.442105263158 372.8 397.863157894737 431.221578947368
0 2.5e-07 0.01 0.1334 0.001 373.799526315789 324.216052631579 351.969736842105 372.471052631579 397.006578947368 426.683421052632 374.5136 320.136315789474 352.21447368421 374.821052631579 396.268421052632 430.249473684211
0 2.5e-07 0.01 0.1334 0.01 375.150705263158 320.855 352.042105263158 375.047368421053 397.530263157895 431.337105263158 373.885284210526 322.205526315789 351.613157894737 373.442105263158 394.888157894737 428.544473684211
0 2.5e-07 0.01 0.1334 0.1 373.584868421053 323.050263157895 351.831578947368 374.547368421053 394.603947368421 423.878947368421 372.867552631579 320.673684210526 351.205263157895 372.236842105263 393.601315789474 427.761842105263
0 2.5e-07 0.01 0.1334 0.5 373.204463157895 321.754473684211 352.530263157895 373.202631578947 394.2 424.282631578947 373.851252631579 320.473947368421 349.442105263158 373.971052631579 396.448684210526 431.913157894737
0 2.5e-07 0.5 0.1334 0.001 373.547473684211 323.936315789474 351.718421052631 371.934210526315 396.780263157895 427.136578947369 374.344442105263 320.036052631579 351.322368421052 376.026315789474 395.91447368421 430.717894736842
0 2.5e-07 0.5 0.1334 0.01 374.852873684211 318.089210526316 351.665789473685 375.328947368421 397.071052631579 429.747631578947 373.560242105263 322.249210526315 351.967105263158 372.321052631579 394.365789473684 429.207894736842
0 2.5e-07 0.5 0.1334 0.1 374.266610526316 323.453947368421 352.055263157895 374.944736842105 397.514473684211 424.783421052631 372.897042105263 317.542368421053 351.386842105263 372.544736842105 394.863157894737 426.838947368421
0 2.5e-07 0.5 0.1334 0.5 373.743905263158 321.806842105263 352.659210526316 373.865789473684 393.661842105263 428.257368421052 374.679326315789 320.857631578947 351.364473684211 373.986842105263 398.055263157895 429.741052631579
0.00034 2.5e-07 0.01 0 0.001 485.722363157895 414.583157894737 459.069736842105 486.784210526316 513.988157894737 551.323421052631 488.1195 418.203684210526 458.453947368421 486.276315789474 519.317105263158 554.195789473684
0.00034 2.5e-07 0.01 0 0.01 486.649968421053 419.024473684211 457.243421052632 485.405263157895 515.934210526316 559.707368421053 487.288452631579 420.838157894737 460.071052631579 488.707894736842 515.467105263158 553.128157894737
0.00034 2.5e-07 0.01 0 0.1 488.822589473684 415.397105263158 460.682894736842 489.302631578948 518.353947368421 559.823947368421 489.354178947368 419.450263157894 460.544736842106 486.83947368421 518.747368421052 562.748421052631
0.00034 2.5e-07 0.01 0 0.5 485.928847368421 419.196052631579 458.63552631579 485.826315789473 514.082894736842 550.296842105263 485.483731578947 418.49552631579 457.567105263158 485.326315789474 514.01052631579 553.223947368421
0.00034 2.5e-07 0.5 0 0.001 485.722363157895 414.583157894737 459.069736842105 486.784210526316 513.988157894737 551.323421052631 488.1195 418.203684210526 458.453947368421 486.276315789474 519.317105263158 554.195789473684
0.00034 2.5e-07 0.5 0 0.01 486.649968421053 419.024473684211 457.243421052632 485.405263157895 515.934210526316 559.707368421053 487.288452631579 420.838157894737 460.071052631579 488.707894736842 515.467105263158 553.128157894737
0.00034 2.5e-07 0.5 0 0.1 488.822589473684 415.397105263158 460.682894736842 489.302631578948 518.353947368421 559.823947368421 489.354178947368 419.450263157894 460.544736842106 486.83947368421 518.747368421052 562.748421052631
0.00034 2.5e-07 0.5 0 0.5 485.928847368421 419.196052631579 458.63552631579 485.826315789473 514.082894736842 550.296842105263 485.483731578947 418.49552631579 457.567105263158 485.326315789474 514.01052631579 553.223947368421
0.00034 2.5e-07 0.01 0.0067 0.001 485.9951 414.583157894737 459.256578947369 486.878947368421 514.697368421053 551.473157894737 488.245378947368 420.567894736842 458.677631578947 486.6 519.780263157895 552.627631578948
0.00034 2.5e-07 0.01 0.0067 0.01 486.666747368421 418.278947368421 456.902631578947 485.557894736842 515.801315789474 559.006842105264 487.611626315789 421.332894736842 459.868421052632 488.55 516.086842105263 552.598947368421
0.00034 2.5e-07 0.01 0.0067 0.1 487.9156 418.713684210526 460.231578947368 486.41052631579 515.702631578947 554.661842105263 487.302368421053 416.715263157895 460.528947368421 486.994736842105 516.957894736842 560.078947368421
0.00034 2.5e-07 0.01 0.0067 0.5 484.906215789474 412.908947368421 457.446052631579 486.578947368421 513.781578947368 554.217894736842 480.469152631579 409.482631578948 451.036842105263 479.357894736842 509.31447368421 554.98
0.00034 2.5e-07 0.5 0.0067 0.001 485.603415789474 414.583157894737 458.106578947368 486.328947368421 513.228947368421 550.745789473684 488.383778947368 419.690526315789 458.878947368421 486.373684210526 520.214473684211 552.295263157895
0.00034 2.5e-07 0.5 0.0067 0.01 485.661126315789 417.782368421053 456.536842105263 484.147368421053 515.305263157895 557.389210526316 486.356489473684 415.092368421052 459.557894736843 487.626315789473 514.752631578947 552.275
0.00034 2.5e-07 0.5 0.0067 0.1 483.326005263158 408.085526315789 454.631578947369 482.5 513.53947368421 552.639210526316 483.125568421053 407.394736842105 451.557894736842 483.044736842106 516.209210526315 558.022631578947
0.00034 2.5e-07 0.5 0.0067 0.5 477.153984210526 404.215 448.306578947368 477.421052631579 506.303947368421 546.576578947368 475.842884210526 404.89 447.644736842105 475.194736842105 508.047368421053 548.028684210526
0.00034 2.5e-07 0.01 0.01333 0.001 485.723368421053 413.960789473684 458.825 486.531578947369 513.943421052632 551.473157894737 488.141505263158 420.565526315789 459.255263157895 486.886842105263 518.690789473684 552.627631578948
0.00034 2.5e-07 0.01 0.01333 0.01 486.183273684211 417.249473684211 456.902631578947 485.384210526316 515.228947368421 559.271842105264 486.842536842105 419.677105263158 458.846052631579 488.507894736842 515.097368421053 551.587894736842
0.00034 2.5e-07 0.01 0.01333 0.1 485.390905263158 412.711578947368 457.490789473684 485.813157894737 517.157894736842 554.386578947369 480.124868421053 408.416315789474 449.918421052632 478.915789473684 511.315789473684 553.185
0.00034 2.5e-07 0.01 0.01333 0.5 482.761926315789 414.406842105263 454.217105263158 481.697368421052 512.584210526316 554.756052631579 473.943942105263 402.087631578948 443.698684210526 475.178947368421 503.271052631579 545.857631578947
0.00034 2.5e-07 0.5 0.01333 0.001 485.730894736842 414.583157894737 458.66447368421 486.371052631579 513.228947368421 550.473157894737 488.091984210526 419.690526315789 458.003947368421 486.710526315789 519.576315789474 553.138684210526
0.00034 2.5e-07 0.5 0.01333 0.01 482.82017368421 413.749736842105 452.194736842105 481.468421052631 513.643421052632 555.95447368421 482.636515789474 411.349210526316 456.706578947369 484.842105263157 510.881578947368 546.933421052632
0.00034 2.5e-07 0.5 0.01333 0.1 471.423121052632 406.51 443.617105263158 471.005263157894 498.352631578947 541.644210526315 469.469152631579 393.824736842105 439.325 468.715789473684 500.3 540.940526315789
0.00034 2.5e-07 0.5 0.01333 0.5 468.646063157895 396.188947368421 439.640789473684 468.873684210526 498.842105263158 540.663684210526 463.962057894737 390.240789473684 433.868421052631 464.868421052632 494.115789473684 535.263157894737
0.00034 2.5e-07 0.01 0.02667 0.001 485.825515789474 414.583157894737 459.014473684211 486.984210526316 513.344736842105 551.323421052631 487.989115789474 419.918157894737 459.678947368421 486.392105263158 518.727631578947 552.609210526316
0.00034 2.5e-07 0.01 0.02667 0.01 486.424694736842 418.338947368421 456.902631578947 485.157894736843 515.893421052632 556.400526315789 481.998489473684 412.724210526316 453.894736842105 484.18947368421 511.261842105263 549.252105263158
0.00034 2.5e-07 0.01 0.02667 0.1 484.470747368421 412.777894736842 454.173684210527 483.7 514.096052631579 558.159736842106 466.655873684211 396.057368421053 438.019736842105 468.244736842105 495.475 536.017368421052
0.00034 2.5e-07 0.01 0.02667 0.5 482.808815789474 410.736578947368 454.228947368421 482.436842105264 512.336842105263 551.418684210526 462.508268421053 388.061315789474 433.553947368421 462.426315789474 492.267105263158 534.466842105263
0.00034 2.5e-07 0.5 0.02667 0.001 485.652389473684 414.203157894737 457.45 486.3 512.506578947368 551.117894736842 487.002394736842 417.127105263157 458.164473684211 485.931578947369 518.146052631579 553.117894736842
0.00034 2.5e-07 0.5 0.02667 0.01 476.600089473684 405.947894736842 443.165789473684 475.628947368421 507.846052631579 553.929999999999 473.040873684211 398.077368421053 440.3 473.710526315789 506.106578947368 545.011052631579
0.00034 2.5e-07 0.5 0.02667 0.1 456.164278947368 386.185263157895 427.376315789473 456.042105263158 483.081578947368 525.34052631579 452.433647368421 380.382894736842 425.076315789473 450.68947368421 481.343421052632 521.047631578948
0.00034 2.5e-07 0.5 0.02667 0.5 454.867878947368 386.512894736842 427.130263157895 454.652631578948 483 524.236315789474 448.993263157895 382.213157894737 419.123684210526 447.63947368421 477.948684210526 524.049210526316
0.00034 2.5e-07 0.01 0.05333 0.001 485.697257894737 414.583157894737 458.759210526316 486.755263157895 514.038157894737 551.323421052631 486.408584210526 416.992631578947 458.009210526315 484.981578947368 517.480263157895 555.121842105263
0.00034 2.5e-07 0.01 0.05333 0.01 484.9851 416.495 455.307894736842 484.460526315789 514.863157894737 553.776842105264 472.372252631579 395.788421052632 441.146052631579 472.468421052631 505.102631578948 543.515
0.00034 2.5e-07 0.01 0.05333 0.1 479.619952631579 405.559210526316 448.753947368421 479.973684210526 511.117105263158 552.584210526316 450.891978947368 377.753157894737 423.043421052631 451.365789473684 481.751315789474 522.121052631579
0.00034 2.5e-07 0.01 0.05333 0.5 478.637242105263 405.881842105263 452.644736842106 478.068421052631 507.961842105263 546.839473684211 450.472121052632 384.307894736842 422.1 450.1 476.940789473684 518.284473684211
0.00034 2.5e-07 0.5 0.05333 0.001 483.6801 410.602894736842 455.992105263158 484.852631578947 512.506578947368 550.448157894737 484.610931578947 410.031578947368 454.103947368421 482.93947368421 516.893421052632 552.989736842105
0.00034 2.5e-07 0.5 0.05333 0.01 462.351142105263 386.452894736842 426.628947368421 462.381578947368 494.627631578948 545.232368421052 453.765452631579 374.789210526316 417.597368421052 453.565789473685 488.797368421053 533.398947368421
0.00034 2.5e-07 0.5 0.05333 0.1 437.101484210526 373.598157894737 408.622368421052 435.268421052632 467.197368421052 507.421052631579 431.866689473684 360.801842105263 401.555263157895 431.755263157895 461.746052631579 504.926052631579
0.00034 2.5e-07 0.5 0.05333 0.5 436.908115789474 366.426315789473 408.336842105263 436.823684210526 464.775 507.324210526316 430.483815789474 364.847368421053 404.182894736842 429.534210526316 457.975 497.027894736842
0.00034 2.5e-07 0.01 0.0667 0.001 485.812526315789 413.960789473684 458.968421052632 486.95 514.140789473685 550.665789473684 486.175863157895 415.758684210527 456.443421052632 484.894736842105 517.848684210527 554.321052631579
0.00034 2.5e-07 0.01 0.0667 0.01 483.987121052632 415.96 453.748684210526 483.505263157894 513.121052631579 553.955789473684 466.199642105263 387.12 434.632894736843 465.394736842105 499.243421052632 543.397368421052
0.00034 2.5e-07 0.01 0.0667 0.1 476.518431578947 406.423157894737 445.931578947368 474.107894736842 509.478947368421 549.913684210526 446.466768421053 375.546578947369 416.713157894737 444.768421052631 475.336842105263 520.646052631578
0.00034 2.5e-07 0.01 0.0667 0.5 474.840673684211 410.023421052632 444.863157894737 471.465789473684 505.236842105263 548.011315789473 444.611768421053 377.087894736842 416.414473684211 443.105263157895 470.806578947369 515.308947368421
0.00034 2.5e-07 0.5 0.0667 0.001 482.829026315789 410.636052631579 453.943421052631 484.692105263158 510.985526315789 551.099473684211 483.551384210526 408.749736842105 454.521052631579 482.465789473684 517.547368421052 552.658947368421
0.00034 2.5e-07 0.5 0.0667 0.01 453.517505263158 375.433947368421 419.761842105263 451.221052631579 488.153947368421 534.556842105263 443.449805263158 365.366578947369 407.130263157895 441.068421052631 476.765789473684 527.202631578947
0.00034 2.5e-07 0.5 0.0667 0.1 432.871905263158 366.853157894737 406.225 432.510526315789 457.428947368421 502.516842105264 426.894947368421 358.595789473684 397.334210526316 425.244736842106 454.693421052631 498.509473684211
0.00034 2.5e-07 0.5 0.0667 0.5 429.101221052632 364.893684210526 400.015789473684 427.686842105263 455.731578947369 497.765789473684 425.801294736842 360.725789473684 400.318421052632 424.989473684211 450.605263157895 495.693157894737
0.00034 2.5e-07 0.01 0.1334 0.001 485.773968421053 414.830789473684 458.825 486.628947368421 513.392105263158 551.673157894737 483.209847368421 405.595 452.96052631579 483.207894736842 515.597368421052 555.146052631579
0.00034 2.5e-07 0.01 0.1334 0.01 482.002884210526 411.788157894737 449.66052631579 481.313157894737 512.311842105263 553.652631578948 441.509373684211 363.693157894737 405.481578947368 438.815789473684 474.578947368421 526.803684210527
0.00034 2.5e-07 0.01 0.1334 0.1 466.470757894737 390.034736842105 436.259210526316 468.668421052632 495.211842105263 540.789736842106 427.344389473684 365.203684210527 399.857894736842 423.63947368421 453.152631578947 497.438157894737
0.00034 2.5e-07 0.01 0.1334 0.5 468.529515789474 399.012894736842 440.464473684211 468.928947368421 497.389473684211 535.632631578947 426.956105263158 364.176842105264 400.118421052632 426.555263157895 453.203947368421 492.882894736842
0.00034 2.5e-07 0.5 0.1334 0.001 478.488231578947 399.368421052632 448.825 481.844736842105 509.427631578948 549.321315789473 476.436794736842 385.464736842105 445.43947368421 477.676315789474 513.889473684211 551.583947368421
0.00034 2.5e-07 0.5 0.1334 0.01 426.010221052632 355.815789473685 394.365789473684 422.918421052632 452.367105263158 511.820789473684 416.385221052632 348.708157894737 385.036842105263 413.802631578948 442.502631578948 497.883421052631
0.00034 2.5e-07 0.5 0.1334 0.1 412.939557894737 348.599210526316 386.932894736842 412.834210526316 437.911842105263 478.53552631579 408.329442105263 348.253157894737 381.771052631579 407.326315789473 433.211842105263 476.808421052632
0.00034 2.5e-07 0.5 0.1334 0.5 413.593173684211 348.32052631579 385.28947368421 412.792105263158 441.051315789474 480.701578947368 407.172442105263 345.537894736842 381.139473684211 406.5 432.575 473.327368421053
0.0017 2.5e-07 0.01 0 0.001 540.085142105263 485.104210526315 517.359210526316 540.378947368421 562.530263157895 596.857894736842 539.670363157895 484.023947368421 517.244736842105 540.428947368421 561.248684210526 594.047894736842
0.0017 2.5e-07 0.01 0 0.01 540.410178947368 486.009210526315 517.328947368421 539.481578947368 562.127631578948 600.647105263158 540.005163157895 484.062894736842 518.507894736842 541.252631578948 562.207894736842 594.847368421053
0.0017 2.5e-07 0.01 0 0.1 541.644152631579 483.89 519.952631578947 541.460526315789 564.772368421053 599.651842105263 541.724963157895 487.369210526316 521.811842105263 541.163157894737 561.378947368421 596.037105263158
0.0017 2.5e-07 0.01 0 0.5 538.827615789474 483.110263157895 515.801315789474 538.013157894737 561.343421052632 597.058684210526 541.155215789474 483.757631578947 518.2 541.971052631579 562.411842105263 595.388684210526
0.0017 2.5e-07 0.5 0 0.001 540.085142105263 485.104210526315 517.359210526316 540.378947368421 562.530263157895 596.857894736842 539.670363157895 484.023947368421 517.244736842105 540.428947368421 561.248684210526 594.047894736842
0.0017 2.5e-07 0.5 0 0.01 540.410178947368 486.009210526315 517.328947368421 539.481578947368 562.127631578948 600.647105263158 540.005163157895 484.062894736842 518.507894736842 541.252631578948 562.207894736842 594.847368421053
0.0017 2.5e-07 0.5 0 0.1 541.644152631579 483.89 519.952631578947 541.460526315789 564.772368421053 599.651842105263 541.724963157895 487.369210526316 521.811842105263 541.163157894737 561.378947368421 596.037105263158
0.0017 2.5e-07 0.5 0 0.5 538.827615789474 483.110263157895 515.801315789474 538.013157894737 561.343421052632 597.058684210526 541.155215789474 483.757631578947 518.2 541.971052631579 562.411842105263 595.388684210526
0.0017 2.5e-07 0.01 0.0067 0.001 540.113394736842 485.375526315789 516.613157894737 540.213157894736 562.530263157895 596.857894736842 539.639915789474 484.023947368421 517.638157894737 540.423684210526 560.840789473685 593.018157894737
0.0017 2.5e-07 0.01 0.0067 0.01 540.101568421053 486.164210526316 516.807894736842 539.786842105264 561.701315789473 600.893421052632 540.652857894737 482.831052631579 519.110526315789 541.73947368421 562.427631578948 597.513157894737
0.0017 2.5e-07 0.01 0.0067 0.1 541.117978947368 484.531578947368 519.572368421053 541.305263157895 563.144736842105 593.984210526316 540.100063157895 482.526842105263 519.764473684211 540.913157894737 560.981578947368 595.863684210526
0.0017 2.5e-07 0.01 0.0067 0.5 540.253621052632 485.116842105263 519.247368421053 540.221052631579 562.336842105263 597.607368421052 539.535731578947 481.267631578948 517.409210526316 540.836842105263 562.744736842105 595.558421052631
0.0017 2.5e-07 0.5 0.0067 0.001 540.032178947368 484.972631578948 517.046052631579 540.102631578947 562.131578947369 596.942894736842 539.76577368421 483.146315789473 517.431578947368 540.315789473684 561.165789473684 594.308947368421
0.0017 2.5e-07 0.5 0.0067 0.01 540.12987368421 486.187631578947 517.455263157894 539.68947368421 562.455263157895 598.170526315789 540.261294736842 481.626315789474 518.91052631579 542.073684210526 562.397368421053 594.455263157895
0.0017 2.5e-07 0.5 0.0067 0.1 539.109131578947 481.444736842105 516.868421052632 538.947368421052 561.105263157895 595.205 539.474378947368 478.778684210526 517.660526315789 541.086842105263 561.180263157895 596.174473684211
0.0017 2.5e-07 0.5 0.0067 0.5 537.870689473684 476.139210526316 515.417105263158 538.781578947368 562.497368421053 595.769736842106 537.862952631579 479.460789473685 515.322368421052 538.43947368421 561.222368421053 596.59
0.0017 2.5e-07 0.01 0.01333 0.001 540.071210526316 485.104210526315 516.598684210526 540.026315789474 562.530263157895 596.252368421053 539.626684210526 484.035263157895 517.936842105263 540.315789473684 560.840789473685 592.532105263158
0.0017 2.5e-07 0.01 0.01333 0.01 540.050647368421 486.223421052632 516.640789473684 539.431578947369 560.844736842105 599.095789473684 540.376878947368 484.80947368421 517.838157894737 540.442105263158 562.147368421052 597.18
0.0017 2.5e-07 0.01 0.01333 0.1 537.697215789474 483.548421052632 515.940789473684 538.205263157894 558.602631578947 591.575526315789 538.216789473684 482.080526315789 513.075 536.710526315789 561.872368421053 597.186578947368
0.0017 2.5e-07 0.01 0.01333 0.5 538.860515789474 482.246578947368 514.557894736842 538.023684210526 562.73947368421 596.264210526316 535.661215789474 478.256842105263 509.719736842105 535.963157894737 560.307894736842 594.158947368421
0.0017 2.5e-07 0.5 0.01333 0.001 540.0932 485.54947368421 517.155263157895 539.852631578947 562.223684210526 596.252631578947 539.81912631579 483.146052631579 517.936842105263 540.986842105263 560.560526315789 594.259210526316
0.0017 2.5e-07 0.5 0.01333 0.01 539.120826315789 483.038421052632 516.123684210526 539.5 561.769736842106 595.33947368421 538.461010526316 482.876842105263 515.075 538.792105263158 560.686842105263 593.624473684211
0.0017 2.5e-07 0.5 0.01333 0.1 534.60487368421 475.678947368421 509.392105263158 534.18947368421 560.188157894736 596.813947368422 533.153989473684 472.526315789474 510.201315789474 532.384210526316 558.727631578947 593.360789473684
0.0017 2.5e-07 0.5 0.01333 0.5 533.268421052632 475.847368421053 511.838157894737 533.352631578947 555.26447368421 590.348157894737 533.852463157895 476.145263157895 510.38552631579 533.405263157895 556.759210526316 593.664473684211
0.0017 2.5e-07 0.01 0.02667 0.001 540.091942105263 485.375526315789 516.613157894737 540.05 562.786842105263 596.847631578948 539.435431578947 484.035263157895 517.184210526315 539.860526315789 560.560526315789 592.866315789473
0.0017 2.5e-07 0.01 0.02667 0.01 539.639252631579 484.865263157895 517.832894736842 539.31052631579 560.844736842105 598.715789473684 538.706715789474 480.462631578947 515.947368421052 539.628947368421 561.869736842105 596.504473684211
0.0017 2.5e-07 0.01 0.02667 0.1 537.8497 481.578947368421 515.868421052632 537.036842105264 559.776315789474 595.900789473684 531.536621052632 475.671315789473 508.801315789474 531.326315789473 554.144736842105 585.722105263157
0.0017 2.5e-07 0.01 0.02667 0.5 536.168784210526 478.983157894737 513.847368421053 535.036842105264 561.002631578948 589.017105263158 531.964463157895 468.698157894737 508.067105263158 533.644736842105 556.438157894737 590.199736842106
0.0017 2.5e-07 0.5 0.02667 0.001 539.690068421053 484.766578947368 516.48947368421 539.971052631579 561.965789473684 595.545789473684 539.092436842105 482.097631578947 517.032894736842 539.713157894736 560.413157894737 593.368947368421
0.0017 2.5e-07 0.5 0.02667 0.01 534.683478947368 474.923684210526 511.703947368421 535.592105263157 557.132894736842 589.709210526316 533.638815789474 472.734736842105 510.568421052632 534.639473684211 557.872368421053 591.756052631579
0.0017 2.5e-07 0.5 0.02667 0.1 526.1991 463.965789473684 501.493421052632 525.505263157895 549.161842105264 586.69 521.389621052632 464.374210526316 497.942105263158 519.95 546.368421052632 580.115789473684
0.0017 2.5e-07 0.5 0.02667 0.5 525.244215789474 468.738421052632 500.435526315789 525.647368421053 549.475 583.12 520.689852631579 459.641578947368 496.573684210526 521.526315789474 545.217105263158 578.566315789474
0.0017 2.5e-07 0.01 0.05333 0.001 540.122926315789 485.104210526315 517.586842105263 540.213157894736 562.389473684211 596.847631578948 539.090768421053 481.561578947368 517.163157894737 539.892105263158 560.713157894736 593.011315789474
0.0017 2.5e-07 0.01 0.05333 0.01 539.025784210526 483.243947368421 516.440789473685 539.168421052632 560.997368421052 599.226315789473 533.857668421053 472.727368421053 509.606578947369 536.028947368421 558.105263157895 591.381315789474
0.0017 2.5e-07 0.01 0.05333 0.1 532.534531578947 472.937368421052 508.538157894737 533.7 558.41052631579 590.236842105263 522.821673684211 463.752631578948 498.656578947369 521.839473684211 545.557894736842 586.968947368421
0.0017 2.5e-07 0.01 0.05333 0.5 532.874163157895 474.219736842105 509.060526315789 534.007894736842 556.590789473684 590.449210526316 523.505863157895 459.302368421053 499.009210526316 524.928947368421 549.194736842105 582.353684210527
0.0017 2.5e-07 0.5 0.05333 0.001 539.114894736842 485.364210526316 515.376315789474 539.684210526315 561.309210526316 595.207894736842 536.930831578947 474.736315789474 515.478947368421 538.715789473684 560.080263157895 593.317894736842
0.0017 2.5e-07 0.5 0.05333 0.01 524.867389473684 462.741052631579 500.757894736842 525.231578947368 549.739473684211 587.87052631579 516.713763157895 446.85 487.561842105263 518.931578947369 546.726315789474 581.16052631579
0.0017 2.5e-07 0.5 0.05333 0.1 512.280094736842 450.047631578947 488.236842105263 512.005263157895 537.219736842105 570.765263157895 505.828378947368 442.105526315789 478.5 506.792105263158 533.175 570.117368421052
0.0017 2.5e-07 0.5 0.05333 0.5 510.956236842105 453.232894736842 485.968421052632 510.376315789473 535.959210526316 572.069736842105 505.7379 435.215789473685 480.355263157895 507.647368421053 533.302631578948 567.228684210527
0.0017 2.5e-07 0.01 0.0667 0.001 540.183063157895 485.375526315789 517.359210526316 540.378947368421 562.896052631579 596.847631578948 538.9603 480.051578947368 517.121052631579 539.96052631579 560.521052631579 592.29052631579
0.0017 2.5e-07 0.01 0.0667 0.01 538.74027368421 483.562631578948 516.536842105263 539.207894736842 560.610526315789 596.733421052631 529.816378947368 467.83 505.613157894737 530.618421052632 555.765789473684 589.620789473684
0.0017 2.5e-07 0.01 0.0667 0.1 533.081821052632 475.793157894737 511.178947368421 532.110526315789 556.482894736842 588.021052631579 518.158668421053 451.078684210527 493.073684210526 517.836842105263 545.084210526316 580.285789473684
0.0017 2.5e-07 0.01 0.0667 0.5 531.464268421053 473.061052631579 506.506578947368 530.73947368421 556.048684210526 589.378421052631 519.394436842105 459.203421052631 494.898684210526 518.328947368421 544.797368421053 579.342894736842
0.0017 2.5e-07 0.5 0.0667 0.001 538.878847368421 483.694473684211 515.606578947368 539.742105263158 561.372368421053 594.528684210527 536.539557894737 474.723421052632 514.652631578947 537.668421052632 559.409210526316 592.623684210526
0.0017 2.5e-07 0.5 0.0667 0.01 519.030742105263 453.430263157894 492.06052631579 521.105263157895 546.817105263158 579.981578947369 508.726063157895 438.553947368421 477.832894736842 507.742105263158 538.682894736842 578.717368421053
0.0017 2.5e-07 0.5 0.0667 0.1 507.919026315789 446.711052631579 483.698684210526 508.328947368421 532.615789473684 567.732631578947 498.994721052632 433.677631578947 471.778947368421 499.521052631579 524.768421052632 560.028421052632
0.0017 2.5e-07 0.5 0.0667 0.5 506.13987368421 442.011842105263 480.273684210527 505.873684210526 532.878947368421 569.086578947369 499.190510526316 430.954210526316 473.728947368421 500.002631578947 526.721052631579 562.940263157894
0.0017 2.5e-07 0.01 0.1334 0.001 540.035163157895 485.54947368421 517.493421052631 540.326315789473 562.417105263158 596.252368421053 536.403305263158 472.933157894737 515.117105263158 538.731578947368 559.101315789474 592.812631578947
0.0017 2.5e-07 0.01 0.1334 0.01 535.897957894737 476.097894736842 511.977631578948 537.789473684211 557.65 594.474210526316 511.185626315789 439.431315789474 482.840789473684 512.6 539.822368421053 581.17447368421
0.0017 2.5e-07 0.01 0.1334 0.1 526.957957894737 465.347368421052 505.642105263157 526.581578947369 551.455263157895 585.41052631579 502.188273684211 433.5 477.621052631579 502.984210526315 529.55 565.536578947368
0.0017 2.5e-07 0.01 0.1334 0.5 528.323242105263 468.841578947368 504.469736842105 526.373684210527 552.264473684211 588.676578947369 503.684873684211 440.719210526316 477.365789473684 504.56052631579 529.389473684211 567.555
0.0017 2.5e-07 0.5 0.1334 0.001 533.870636842105 466.260263157895 509.260526315789 536.794736842106 558.973684210526 595.591052631579 529.746273684211 452.448421052632 505.715789473684 533.752631578948 557.355263157895 591.415263157894
0.0017 2.5e-07 0.5 0.1334 0.01 491.697336842105 417.421315789473 463.413157894737 489.884210526316 522.188157894737 563.477368421053 480.182047368421 413.347105263158 448.68947368421 476.902631578948 507.125 557.522105263158
0.0017 2.5e-07 0.5 0.1334 0.1 483.6806 413.915 456.525 485.655263157895 509.914473684211 551.562631578948 473.015626315789 403.953157894737 444.713157894737 471.771052631579 500.293421052632 544.357368421053
0.0017 2.5e-07 0.5 0.1334 0.5 484.114952631579 418.455 456.156578947369 484.765789473684 513.411842105264 547.702894736842 474.132094736842 406.201578947368 446.184210526316 475.444736842105 502.892105263158 542.534210526316
0.0034 2.5e-07 0.01 0 0.001 547.197921052632 496.435526315789 525.227631578947 545.268421052632 568.327631578947 600.684210526316 547.019131578947 496.570526315789 524.364473684211 545.981578947368 568.268421052632 601.412368421052
0.0034 2.5e-07 0.01 0 0.01 548.364842105263 497.692368421052 525.569736842105 547.713157894737 569.223684210526 601.103947368421 547.9137 494.592105263158 526.246052631579 548.355263157895 568.571052631579 599.209736842105
0.0034 2.5e-07 0.01 0 0.1 548.802410526316 493.915789473685 525.481578947368 549.123684210526 570.415789473684 604.563684210526 550.261378947368 494.603157894737 530.030263157894 551.107894736842 572.371052631579 601.433421052631
0.0034 2.5e-07 0.01 0 0.5 546.628294736842 493.716578947369 523.844736842105 546.18947368421 569.281578947368 600.162631578947 548.665015789474 497.23552631579 527.536842105263 548.192105263158 569.005263157895 602.99552631579
0.0034 2.5e-07 0.5 0 0.001 547.197921052632 496.435526315789 525.227631578947 545.268421052632 568.327631578947 600.684210526316 547.019131578947 496.570526315789 524.364473684211 545.981578947368 568.268421052632 601.412368421052
0.0034 2.5e-07 0.5 0 0.01 548.364842105263 497.692368421052 525.569736842105 547.713157894737 569.223684210526 601.103947368421 547.9137 494.592105263158 526.246052631579 548.355263157895 568.571052631579 599.209736842105
0.0034 2.5e-07 0.5 0 0.1 548.802410526316 493.915789473685 525.481578947368 549.123684210526 570.415789473684 604.563684210526 550.261378947368 494.603157894737 530.030263157894 551.107894736842 572.371052631579 601.433421052631
0.0034 2.5e-07 0.5 0 0.5 546.628294736842 493.716578947369 523.844736842105 546.18947368421 569.281578947368 600.162631578947 548.665015789474 497.23552631579 527.536842105263 548.192105263158 569.005263157895 602.99552631579
0.0034 2.5e-07 0.01 0.0067 0.001 547.160089473684 496.42552631579 525.115789473684 545.25 568.161842105263 600.991842105263 547.121778947368 495.656315789474 524.51447368421 546.231578947368 568.296052631579 601.114736842105
0.0034 2.5e-07 0.01 0.0067 0.01 548.205284210526 498.052105263158 525.342105263158 547.463157894737 569.288157894737 600.99894736842 548.635110526316 495.328421052631 526.73947368421 548.557894736842 569.435526315789 600.545263157895
0.0034 2.5e-07 0.01 0.0067 0.1 548.732289473684 497.028684210526 528.522368421052 548.897368421053 570.882894736842 599.803947368421 550.893263157895 499.462631578947 528.075 550.707894736842 572.852631578948 602.957894736842
0.0034 2.5e-07 0.01 0.0067 0.5 547.90517368421 495.625789473684 524.667105263158 547.252631578948 569.771052631579 603.612105263158 547.253778947368 494.533684210526 525.463157894737 548.057894736842 570.325 598.392368421053
0.0034 2.5e-07 0.5 0.0067 0.001 547.266321052632 496.093157894736 525.705263157894 545.294736842105 568.371052631579 601.146315789474 547.035684210526 496.115263157894 524.872368421053 546.144736842105 568.271052631579 601.114736842105
0.0034 2.5e-07 0.5 0.0067 0.01 547.851663157895 497.812105263158 525.213157894737 547.702631578948 569.46447368421 601.914736842105 548.58087368421 496.908684210526 526.525 547.273684210526 569.326315789474 602.323157894737
0.0034 2.5e-07 0.5 0.0067 0.1 547.382631578947 492.161315789473 526.296052631579 548.344736842105 568.282894736842 598.080526315789 549.388726315789 493.256842105263 527.847368421053 550 571.463157894737 604.634473684211
0.0034 2.5e-07 0.5 0.0067 0.5 546.619815789474 494.304210526316 523.180263157895 545.644736842105 570.873684210526 600.422368421053 547.809789473684 495.812894736842 524.885526315789 547.571052631579 571.021052631579 602.244473684211
0.0034 2.5e-07 0.01 0.01333 0.001 547.218368421053 496.088421052631 525.338157894737 545.089473684211 568.327631578947 601.15 547.245873684211 496.382368421052 524.438157894737 546.478947368421 568.364473684211 601.406578947368
0.0034 2.5e-07 0.01 0.01333 0.01 548.110663157895 497.327631578947 525.81447368421 547.736842105263 568.403947368421 601.246052631579 548.701084210526 495.300789473685 526.636842105263 549.226315789474 569.478947368421 601.080789473684
0.0034 2.5e-07 0.01 0.01333 0.1 546.056468421053 490.510526315789 522.578947368421 547.705263157894 568.025 600.525789473684 547.537073684211 491.847631578947 525.585526315789 549.173684210527 568.488157894737 603.786842105264
0.0034 2.5e-07 0.01 0.01333 0.5 545.337563157895 492.836315789474 523.243421052632 545.828947368421 568.468421052632 597.436315789473 546.160905263158 493.928421052631 525.084210526316 544.736842105263 568.277631578948 598.114736842105
0.0034 2.5e-07 0.5 0.01333 0.001 547.3048 496.717631578947 525.865789473684 545.605263157895 568.546052631579 599.982631578948 547.055736842105 496.569736842105 525.046052631579 546.707894736842 567.660526315789 601.637368421052
0.0034 2.5e-07 0.5 0.01333 0.01 547.983042105263 495.944736842106 525.588157894737 546.923684210527 570.315789473685 601.176315789474 548.182089473684 496.303684210527 525.715789473684 548.315789473685 569.623684210527 600.001578947368
0.0034 2.5e-07 0.5 0.01333 0.1 544.648936842105 487.787631578948 522.206578947368 546.165789473685 565.484210526316 599.888947368421 544.436357894737 488.492631578948 522.278947368421 543.678947368421 567.068421052631 600.535789473684
0.0034 2.5e-07 0.5 0.01333 0.5 543.549926315789 490.762894736842 519.278947368421 543.105263157895 565.740789473684 600.316578947369 542.948105263158 484.99 519.543421052632 542.165789473684 568.075 599.538421052631
0.0034 2.5e-07 0.01 0.02667 0.001 547.229536842105 495.662894736843 525.115789473684 545.294736842105 568.426315789474 600.991842105263 547.016978947368 496.564736842105 524.772368421053 546.021052631579 567.744736842105 601.752631578948
0.0034 2.5e-07 0.01 0.02667 0.01 547.955605263158 496.408684210526 526.094736842105 547.521052631579 568.715789473684 598.870789473684 545.970889473684 492.06552631579 524.480263157895 545.268421052632 569.313157894737 599.657894736842
0.0034 2.5e-07 0.01 0.02667 0.1 543.995868421053 487.368157894737 522.694736842105 545.652631578947 565.880263157895 599.52 540.845878947368 487.579736842105 519.373684210526 540.960526315789 562.734210526316 594.269210526315
0.0034 2.5e-07 0.01 0.02667 0.5 542.921036842105 488.713684210526 521.093421052631 542.068421052631 565.482894736842 601.419210526315 540.748747368421 483.981315789474 518.522368421053 540.552631578948 562.81052631579 592.87447368421
0.0034 2.5e-07 0.5 0.02667 0.001 547.352863157895 496.385526315789 525.825 545.836842105263 568.526315789474 600.901842105264 546.829884210526 497.372368421052 523.525 545.871052631579 567.684210526315 601.752631578948
0.0034 2.5e-07 0.5 0.02667 0.01 545.592026315789 492.745263157895 524.019736842105 544.655263157895 566.78552631579 600.115263157894 544.08857368421 489.635 521.727631578947 543.397368421053 567.221052631579 597.593947368421
0.0034 2.5e-07 0.5 0.02667 0.1 538.420173684211 475.723421052632 516.778947368421 540.560526315789 562.543421052631 590.159736842105 536.907678947368 481.592631578948 513.677631578948 536.860526315789 560.153947368421 591.056842105263
0.0034 2.5e-07 0.5 0.02667 0.5 539.573884210526 486.100263157894 517.778947368421 540.339473684211 560.286842105263 593.525789473684 537.08042631579 480.004210526315 514.830263157895 537.697368421052 560.756578947368 591.882368421053
0.0034 2.5e-07 0.01 0.05333 0.001 547.137952631579 495.54 525.322368421053 545.165789473684 568.371052631579 601.15 546.763231578947 496.402368421052 524.381578947368 545.923684210526 567.692105263158 603.129736842105
0.0034 2.5e-07 0.01 0.05333 0.01 546.257889473684 494.883421052632 524.061842105263 546.321052631579 567.611842105263 599.823157894737 541.283615789474 485.100263157894 517.397368421053 541.997368421052 563.563157894736 596.530263157895
0.0034 2.5e-07 0.01 0.05333 0.1 538.594636842105 483.055789473684 515.175 537.876315789474 561.982894736842 595.040789473685 534.497557894737 475.636842105263 509.168421052632 533.784210526316 561.573684210526 591.906052631579
0.0034 2.5e-07 0.01 0.05333 0.5 539.284221052632 486.513157894737 517.806578947369 538.339473684211 560.1 594.430789473685 533.603568421053 475.761578947369 509.686842105263 533.484210526316 556.171052631579 591.745263157894
0.0034 2.5e-07 0.5 0.05333 0.001 546.7926 495.535263157895 524.830263157895 545.210526315789 569.107894736842 599.025 545.007905263158 493.475789473684 522.51052631579 544.821052631579 566.080263157894 601.406578947368
0.0034 2.5e-07 0.5 0.05333 0.01 537.920963157895 478.661842105263 515.102631578947 537.868421052631 562.361842105263 595.854473684211 532.963163157895 474.143421052631 508.398684210526 532.131578947369 558.207894736842 591.312631578948
0.0034 2.5e-07 0.5 0.05333 0.1 530.111089473684 474.055789473684 507.078947368421 530.102631578947 554.963157894737 584.715 526.244321052632 466.804736842105 501.052631578948 526.344736842105 551.11447368421 584.95447368421
0.0034 2.5e-07 0.5 0.05333 0.5 529.747110526316 472.93947368421 508.177631578947 529.455263157894 553.147368421053 584.120789473684 525.8686 467.414210526316 501.25 526.736842105263 550.047368421052 584.261315789474
0.0034 2.5e-07 0.01 0.0667 0.001 547.197 495.632894736842 525.227631578947 545.413157894737 568.327631578947 601.15 546.195657894737 495.64 523.230263157895 545.892105263158 566.132894736842 602.64
0.0034 2.5e-07 0.01 0.0667 0.01 545.642605263158 494.904736842105 523.551315789474 545.786842105263 566.973684210526 599.611842105263 538.77472631579 482.131315789473 515.206578947368 537.681578947369 562.140789473684 596.540263157895
0.0034 2.5e-07 0.01 0.0667 0.1 535.742721052632 479.90447368421 512.815789473685 536.623684210527 558.275 590.625 532.0321 477.294736842105 508.271052631579 529.892105263158 555.85 592.515789473684
0.0034 2.5e-07 0.01 0.0667 0.5 537.346089473684 476.957631578948 514.8 539.092105263157 560.344736842105 592.007105263158 534.450168421053 477.485 510.393421052632 534.221052631579 558.73552631579 594.69894736842
0.0034 2.5e-07 0.5 0.0667 0.001 546.820321052632 494.908947368421 525.405263157895 545.352631578947 568.406578947368 600.901842105264 544.3229 493.26552631579 522.127631578947 544.407894736842 565.36052631579 601.406578947368
0.0034 2.5e-07 0.5 0.0667 0.01 534.017715789474 473.134210526316 511.292105263158 535.052631578948 557.865789473684 593.628421052632 529.366315789474 468.171578947368 504.785526315789 529.110526315789 555.25 587.234210526315
0.0034 2.5e-07 0.5 0.0667 0.1 526.361831578947 468.223947368421 504.082894736842 527.678947368421 551.272368421052 580.227105263158 522.189984210526 462.399736842105 498.855263157895 523.157894736842 545.631578947368 579.229210526316
0.0034 2.5e-07 0.5 0.0667 0.5 525.791621052632 468.373947368421 501.780263157894 525.889473684211 548.96447368421 583.773157894737 522.374515789474 462.4 498.497368421052 522.005263157895 545.921052631579 582.433157894737
0.0034 2.5e-07 0.01 0.1334 0.001 547.133247368421 495.666842105264 525.076315789474 545.413157894737 568.097368421053 601.343947368421 544.214057894737 491.549210526316 521.66052631579 544.205263157895 565.596052631578 601.406578947368
0.0034 2.5e-07 0.01 0.1334 0.01 543.0972 491.944210526316 521.135526315789 542.731578947368 565.553947368421 595.950789473684 526.498721052632 464.83052631579 501.819736842105 526.768421052632 553.780263157895 584.080526315789
0.0034 2.5e-07 0.01 0.1334 0.1 527.745084210526 471.242105263158 504.335526315789 527.418421052632 550.068421052631 583.980263157895 521.395468421053 460.042105263158 496.530263157895 522.305263157895 546.055263157895 579.379210526316
0.0034 2.5e-07 0.01 0.1334 0.5 530.5302 475.382105263158 507.51052631579 528.547368421053 554.826315789474 586.644736842105 524.265047368421 463.462105263158 500.26052631579 524.563157894737 548.48552631579 584.608421052631
0.0034 2.5e-07 0.5 0.1334 0.001 541.965 481.696052631579 520.410526315789 541.544736842105 565.53947368421 597.585 539.361994736842 477.128421052631 516.018421052632 539.8 563.619736842105 600.348947368421
0.0034 2.5e-07 0.5 0.1334 0.01 515.960505263158 454.329736842105 490.226315789474 515.571052631579 542.388157894737 581.210789473684 506.563152631579 440.833421052632 479.227631578947 505.481578947368 534.038157894737 575.729473684211
0.0034 2.5e-07 0.5 0.1334 0.1 509.201531578947 444.995526315789 482.581578947368 508.631578947368 535.067105263158 570.183684210526 505.021557894737 439.968421052632 477.826315789474 503.826315789473 529.919736842105 572.371842105264
0.0034 2.5e-07 0.5 0.1334 0.5 511.195736842105 449.170263157895 486.092105263158 511.363157894737 536.43947368421 571.716052631578 503.603052631579 441.378947368421 478.230263157895 502.978947368421 530.897368421052 565.491315789474
