m r d s f D_pi2_mean D_pi2_quantile0.05 D_pi2_quantile0.25 D_pi2_quantile0.50 D_pi2_quantile0.75 D_pi2_quantile0.95 HD_pi2_mean HD_pi2_quantile0.05 HD_pi2_quantile0.25 HD_pi2_quantile0.50 HD_pi2_quantile0.75 HD_pi2_quantile0.95
0 2.5e-07 0.01 0 0.001 360.538157894737 323.497368421053 345.255263157895 369.336842105263 384.619736842105 385.260789473684 396.27850877193 341.927105263158 372.286842105263 385.234210526315 410.193421052632 477.101315789474
0 2.5e-07 0.01 0 0.01 370.171603427173 312.231052631579 354.48947368421 366.236842105263 391.107894736842 424.586842105264 369.978349282297 320.52 352.856578947368 368.176315789474 390.538157894737 417.897894736842
0 2.5e-07 0.01 0 0.1 374.861565096953 323.982631578947 355.498684210527 371.457894736842 395.877631578947 429.276842105263 373.623406341942 317.346842105263 350.401315789474 374.56052631579 398.076315789474 428.070263157895
0 2.5e-07 0.01 0 0.5 375.072979382122 320.631578947368 352.221052631579 374.563157894737 397.102631578947 429.796842105263 376.310288009805 322.373684210526 352.157894736842 375.115789473684 401.978947368421 431.567368421053
0 2.5e-07 0.5 0 0.001 360.538157894737 323.497368421053 345.255263157895 369.336842105263 384.619736842105 385.260789473684 396.27850877193 341.927105263158 372.286842105263 385.234210526315 410.193421052632 477.101315789474
0 2.5e-07 0.5 0 0.01 370.171603427173 312.231052631579 354.48947368421 366.236842105263 391.107894736842 424.586842105264 369.978349282297 320.52 352.856578947368 368.176315789474 390.538157894737 417.897894736842
0 2.5e-07 0.5 0 0.1 374.861565096953 323.982631578947 355.498684210527 371.457894736842 395.877631578947 429.276842105263 373.623406341942 317.346842105263 350.401315789474 374.56052631579 398.076315789474 428.070263157895
0 2.5e-07 0.5 0 0.5 375.072979382122 320.631578947368 352.221052631579 374.563157894737 397.102631578947 429.796842105263 376.310288009805 322.373684210526 352.157894736842 375.115789473684 401.978947368421 431.567368421053
0 2.5e-07 0.01 0.0067 0.001 358.2 319.93 345.123684210526 376.615789473684 380.484210526316 383.578947368421 390.234736842105 322.36 374.142105263158 382.778947368421 394.363157894737 476.172105263158
0 2.5e-07 0.01 0.0067 0.01 376.982723112128 318.819736842105 359.977631578947 379.636842105263 398.030263157895 421.75 374.534817813765 325.239473684211 351.813157894736 374.326315789474 391.923684210526 423.578947368421
0 2.5e-07 0.01 0.0067 0.1 374.463839166444 322.096052631579 353.298684210526 371.121052631579 394.947368421052 430.146315789474 372.095101705737 315.631578947368 348.978947368421 372 391.615789473684 428.154736842105
0 2.5e-07 0.01 0.0067 0.5 373.575605342983 321.094736842105 351.563157894737 374.584210526316 394.473684210526 425.915789473684 373.827644763211 319.692894736842 350.36447368421 374.934210526316 397.090789473685 430.158947368421
0 2.5e-07 0.5 0.0067 0.001 357.878289473684 322.399473684211 346.238157894737 359.342105263158 368.803947368421 392.546052631579 386.97514619883 322.093947368421 369.353947368421 382.068421052631 394.426315789474 476.088947368421
0 2.5e-07 0.5 0.0067 0.01 374.764376731302 316.675789473684 349.623684210526 373.594736842105 405.073684210526 426.761052631579 372.140988835726 319.819473684211 351.344736842105 372.7 392.482894736842 420.538947368421
0 2.5e-07 0.5 0.0067 0.1 374.31312599681 324.686842105263 353.41447368421 373.855263157895 395.111842105263 426.026578947369 371.802187103147 318.431578947369 351.177631578947 371.155263157895 392.684210526316 428.563157894737
0 2.5e-07 0.5 0.0067 0.5 371.827364163695 320.063157894737 349.18947368421 372.294736842105 392.468421052632 421.13052631579 372.958358358358 319.518421052631 348.368421052632 371.88947368421 396.444736842105 430.361052631579
0 2.5e-07 0.01 0.01333 0.001 361.736842105263 312.958421052631 347.613157894737 373.202631578947 387.326315789473 394.463157894737 385.461403508772 323.942105263158 367.805263157895 381.815789473684 392.157894736842 474.484210526316
0 2.5e-07 0.01 0.01333 0.01 373.770060396894 318.373684210526 344.842105263158 372.347368421053 402.226315789474 426.094736842105 372.933296783626 320.102894736842 353.153947368421 373.418421052632 392.747368421053 419.642894736842
0 2.5e-07 0.01 0.01333 0.1 375.820582897406 325.457894736842 357 373.663157894737 396.163157894737 429.184210526316 371.91072517566 318.183157894737 350.201315789473 370.731578947368 393.244736842105 430.62552631579
0 2.5e-07 0.01 0.01333 0.5 373.597457894737 322.771842105263 351.371052631579 373.865789473684 393.498684210526 426.256578947368 373.374857894737 318.673157894737 348.721052631579 372.384210526316 397.414473684211 432.225
0 2.5e-07 0.5 0.01333 0.001 368.656390977443 317.631578947368 357.993421052631 364.139473684211 390.501315789474 419.763421052632 382.544172932331 330.605 367.447368421053 379.631578947368 389.060526315789 459.373947368421
0 2.5e-07 0.5 0.01333 0.01 373.421659919028 315.039210526316 348.365789473684 372.081578947368 403.157894736842 432.770263157894 374.243550937429 325.795789473685 355.4 374.784210526316 394.289473684211 421.196842105263
0 2.5e-07 0.5 0.01333 0.1 374.222313341493 323.536578947368 351.760526315789 374.357894736842 396.556578947369 426.4 372.34089286726 316.230526315789 350.794736842105 371.242105263158 392.868421052632 432.677894736842
0 2.5e-07 0.5 0.01333 0.5 373.795778947368 323.437631578947 351.126315789473 373.257894736842 395.967105263158 426.091052631579 373.148263157895 320.528947368421 349.01052631579 372.684210526315 394.507894736842 429.742631578948
0 2.5e-07 0.01 0.02667 0.001 357.779824561404 318.328947368421 334.744736842106 362.51052631579 379.022368421052 392.906578947368 378.45701754386 332.08 359.919736842105 376.368421052632 387.368421052632 454.763947368421
0 2.5e-07 0.01 0.02667 0.01 373.119586942039 314.087368421053 348.452631578947 372.136842105263 400.257894736842 426.542105263158 372.506451612903 319.252105263158 353.786842105263 371.963157894737 392.139473684211 422.042631578948
0 2.5e-07 0.01 0.02667 0.1 374.59030122476 325.180263157894 353.227631578948 373.478947368421 395.848684210526 428.628947368421 373.084358398598 321.105263157895 351.352631578947 371.710526315789 396.252631578947 426.589473684211
0 2.5e-07 0.01 0.02667 0.5 374.032010526316 320.708947368421 351.247368421052 373.334210526316 396.202631578947 428.556315789473 373.748047368421 319.481052631579 349.259210526316 373.834210526315 396.230263157895 432.267631578947
0 2.5e-07 0.5 0.02667 0.001 368.755377574371 304.711052631578 350.734210526316 369.168421052632 390.723684210526 419.413157894737 378.034638922889 342.406842105263 361.842105263158 374.936842105263 386.692105263158 431.198947368421
0 2.5e-07 0.5 0.02667 0.01 373.736952742216 319.017894736842 351.873684210526 371.384210526316 396.073684210526 427.391578947369 373.87594351733 321.749210526316 352.931578947368 374.052631578948 394.06447368421 430.661842105263
0 2.5e-07 0.5 0.02667 0.1 373.981511609115 322.125263157895 351.926315789474 374.668421052632 395.805263157895 425.451578947369 373.186624575552 320.028421052632 350.332894736842 373.236842105263 396.322368421053 428.319736842105
0 2.5e-07 0.5 0.02667 0.5 373.231226315789 321.754473684211 350.348684210526 372.33947368421 394.759210526316 428.514736842106 373.852642105263 321.146052631579 350.325 372.734210526316 395.122368421053 432.253947368421
0 2.5e-07 0.01 0.05333 0.001 360.602631578947 327.121052631579 339.473684210527 362.968421052631 379.192105263157 393.017105263158 379.511899313501 333.551315789474 357.142105263158 379.126315789474 389.6 439.106578947369
0 2.5e-07 0.01 0.05333 0.01 371.612535885167 315.559736842106 346.697368421053 368.276315789474 397.759210526316 426.874736842105 371.938226490397 319.233157894737 352.41052631579 372.418421052632 391.706578947368 424.895263157894
0 2.5e-07 0.01 0.05333 0.1 373.238164376458 317.029210526316 350.526315789473 372.984210526316 395.848684210526 429.38947368421 372.512000634115 321.092105263158 351.01447368421 371.210526315789 395.036842105263 427.525
0 2.5e-07 0.01 0.05333 0.5 374.600526315789 320.9 351.882894736842 373.692105263158 396.809210526316 431.987368421053 373.988868421053 320.991315789474 349.872368421053 373.455263157894 397.306578947368 432.232894736842
0 2.5e-07 0.5 0.05333 0.001 375.023803827751 326.721315789474 353.586842105263 369.347368421052 399.234210526316 430.669736842105 374.750355618777 323.595263157895 354.325 375.126315789473 391.728947368421 434.176052631579
0 2.5e-07 0.5 0.05333 0.01 373.701914750313 322.724210526316 350.25 371.915789473684 395.628947368421 428.832631578948 373.303032036613 322.272105263158 351.542105263158 374.455263157895 393.267105263158 426.212894736842
0 2.5e-07 0.5 0.05333 0.1 373.575336842105 320.858157894737 352.026315789474 373.936842105263 393.543421052631 424.333157894737 372.460710526316 319.761842105263 350.690789473684 369.636842105263 393.681578947368 430.049210526316
0 2.5e-07 0.5 0.05333 0.5 373.088421052632 320.642894736842 352.688157894736 372.531578947369 395.090789473684 423.940789473684 374.515842105263 320.558947368421 350.164473684211 372.355263157895 397.806578947369 431.914210526315
0 2.5e-07 0.01 0.0667 0.001 360.241228070175 326.626315789473 337.66447368421 362.744736842106 379.180263157895 393.36052631579 378.751042701092 328.028421052631 352.705263157895 381.147368421053 390.710526315789 441.356842105263
0 2.5e-07 0.01 0.0667 0.01 375.020076400679 317.787631578947 351.994736842105 374.107894736842 402.184210526315 427.134210526316 371.89783153536 320.26947368421 352.4 372.584210526316 391.168421052632 422.885789473684
0 2.5e-07 0.01 0.0667 0.1 372.943529411765 320.41052631579 352.030263157895 372.855263157895 393.876315789473 427.11947368421 372.948242979822 318.886842105263 351.742105263157 372.063157894737 394.113157894737 429.637368421053
0 2.5e-07 0.01 0.0667 0.5 373.567863157895 321.881315789474 351.027631578947 373.247368421052 395.66052631579 426.638947368421 373.429405263158 319.058684210526 348.518421052631 372.526315789474 394.989473684211 430.585
0 2.5e-07 0.5 0.0667 0.001 376.511320754717 326.138947368421 352.836842105263 374.9 403.710526315789 425.647368421052 374.278884711779 320.985 352.132894736843 374.081578947368 389.076315789473 438.054210526316
0 2.5e-07 0.5 0.0667 0.01 374.663081617086 321.942105263158 350.88947368421 372.8 396.636842105263 429.884210526316 374.165398934229 321.926315789474 352.447368421053 374.331578947368 393.668421052632 427.773684210526
0 2.5e-07 0.5 0.0667 0.1 373.981673684211 324.770526315789 351.513157894737 374.144736842105 395.547368421053 426.958684210526 372.157515789474 320.577631578948 351.201315789474 371.455263157895 392.831578947368 426.755263157894
0 2.5e-07 0.5 0.0667 0.5 373.49047368421 322.316842105263 350.688157894737 374.384210526316 393.107894736842 424.897894736842 374.581589473684 320.28552631579 350.442105263158 372.8 397.863157894737 431.221578947368
0 2.5e-07 0.01 0.1334 0.001 362.802631578947 307.510263157895 333.230263157895 362.771052631579 389.863157894737 416.067368421053 381.078832951945 342.716052631579 357.744736842106 380.518421052632 395.131578947369 441.507631578947
0 2.5e-07 0.01 0.1334 0.01 373.714415204678 317.948157894737 346.936842105263 374.423684210527 402.863157894737 426.287894736842 373.642515189225 320.118421052632 351.705263157894 373.515789473684 394.505263157895 428.234210526316
0 2.5e-07 0.01 0.1334 0.1 373.510009889023 323.035 351.657894736842 374.378947368421 394.6 423.896315789474 372.867552631579 320.673684210526 351.205263157895 372.236842105263 393.601315789474 427.761842105263
0 2.5e-07 0.01 0.1334 0.5 373.204463157895 321.754473684211 352.530263157895 373.202631578947 394.2 424.282631578947 373.851252631579 320.473947368421 349.442105263158 373.971052631579 396.448684210526 431.913157894737
0 2.5e-07 0.5 0.1334 0.001 376.97738990333 325.366052631579 352.925 376.494736842105 401.544736842105 425.914736842105 377.537858439201 328.68 356.657894736842 378.321052631579 394.836842105263 439.666315789474
0 2.5e-07 0.5 0.1334 0.01 374.764252027919 319.769473684211 351.726315789474 375.257894736842 396.531578947368 429.767368421053 373.686891429235 322.592105263158 352.352631578948 372.642105263158 394.455263157894 428.597894736842
0 2.5e-07 0.5 0.1334 0.1 374.266610526316 323.453947368421 352.055263157895 374.944736842105 397.514473684211 424.783421052631 372.897042105263 317.542368421053 351.386842105263 372.544736842105 394.863157894737 426.838947368421
0 2.5e-07 0.5 0.1334 0.5 373.743905263158 321.806842105263 352.659210526316 373.865789473684 393.661842105263 428.257368421052 374.679326315789 320.857631578947 351.364473684211 373.986842105263 398.055263157895 429.741052631579
0.00034 2.5e-07 0.01 0 0.001 490.306766917293 441.201052631579 469.752631578948 499.284210526316 515.607894736843 528.041578947369 467.424060150376 417.257368421052 436.760526315789 461.810526315789 492.652631578947 530.981052631579
0.00034 2.5e-07 0.01 0 0.01 488.479072681704 420.553157894736 465.821052631579 484.647368421053 519.090789473684 557.403947368421 479.718341307815 413.561052631579 453.18947368421 487.378947368421 498.268421052632 546.956842105263
0.00034 2.5e-07 0.01 0 0.1 491.319673785102 424.46 458.121052631579 491.984210526316 521.163157894737 565.972631578948 492.054856383862 420.84 465.568421052632 488.136842105263 519.763157894737 566.772631578947
0.00034 2.5e-07 0.01 0 0.5 486.664989747095 418.635789473684 460.407894736842 486.644736842105 515.021052631579 549.704736842105 486.321434688097 418.47 457.626315789473 485.931578947368 514.652631578948 555.675263157894
0.00034 2.5e-07 0.5 0 0.001 490.306766917293 441.201052631579 469.752631578948 499.284210526316 515.607894736843 528.041578947369 467.424060150376 417.257368421052 436.760526315789 461.810526315789 492.652631578947 530.981052631579
0.00034 2.5e-07 0.5 0 0.01 488.479072681704 420.553157894736 465.821052631579 484.647368421053 519.090789473684 557.403947368421 479.718341307815 413.561052631579 453.18947368421 487.378947368421 498.268421052632 546.956842105263
0.00034 2.5e-07 0.5 0 0.1 491.319673785102 424.46 458.121052631579 491.984210526316 521.163157894737 565.972631578948 492.054856383862 420.84 465.568421052632 488.136842105263 519.763157894737 566.772631578947
0.00034 2.5e-07 0.5 0 0.5 486.664989747095 418.635789473684 460.407894736842 486.644736842105 515.021052631579 549.704736842105 486.321434688097 418.47 457.626315789473 485.931578947368 514.652631578948 555.675263157894
0.00034 2.5e-07 0.01 0.0067 0.001 509.427819548872 465.732631578947 490.452631578947 514.989473684211 528.43947368421 543.476315789474 464.821052631579 425.896315789473 435.55 460.515789473684 490.526315789474 513.60052631579
0.00034 2.5e-07 0.01 0.0067 0.01 480.708521303258 416.462105263158 452.480263157895 477.286842105264 508.981578947368 545.450263157894 485.16346749226 413.387368421053 460.331578947368 485.631578947368 511.542105263158 556.858947368421
0.00034 2.5e-07 0.01 0.0067 0.1 488.772727272727 425.59052631579 461.396052631579 486.263157894737 514.705263157895 553.712894736842 484.759170920613 412.81447368421 456.563157894737 484.768421052632 515.763157894736 557.333684210526
0.00034 2.5e-07 0.01 0.0067 0.5 484.656270768571 412.691052631579 457.280263157895 486.578947368421 513.3 551.967368421052 480.521649158 409.477894736842 451.126315789474 479.389473684211 509.531578947368 554.998947368421
0.00034 2.5e-07 0.5 0.0067 0.001 468.443274853801 419.515789473685 440.121052631579 461.605263157895 483.821052631579 527.926315789474 482.720647773279 442.865263157894 460.173684210526 480.068421052632 495.673684210526 538.078947368421
0.00034 2.5e-07 0.5 0.0067 0.01 478.142216066482 414.49 449.047368421053 477.657894736842 508.363157894737 545.881052631579 476.200936663693 404.402368421052 455.530263157895 481.255263157895 501.798684210526 534.645526315789
0.00034 2.5e-07 0.5 0.0067 0.1 479.747477719859 404.226315789474 452.101315789474 479.121052631579 510.447368421053 552.365789473684 479.956766407198 405.637894736842 449.521052631579 480.563157894737 511.773684210526 556.001052631579
0.00034 2.5e-07 0.5 0.0067 0.5 476.929061553986 404.207894736842 447.681578947369 477.168421052632 505.960526315789 546.744736842105 475.985550142963 404.926052631579 447.814473684211 475.194736842105 508.126315789474 548.07447368421
0.00034 2.5e-07 0.01 0.01333 0.001 462.875187969925 412.8 428.736842105263 455.431578947368 493.555263157895 527.67052631579 477.341520467836 435.32 458.931578947368 470.210526315789 493.884210526316 523.387368421052
0.00034 2.5e-07 0.01 0.01333 0.01 473.744947368421 404.345263157894 445.469736842105 467.786842105263 496.625 546.692105263158 481.112067669173 398.446842105263 451.638157894737 484.155263157895 509.859210526316 547.230789473684
0.00034 2.5e-07 0.01 0.01333 0.1 482.674585020243 412.243684210526 452.657894736842 485.086842105263 514.894736842105 547.505 476.894743347863 406.389473684211 445.647368421053 476.110526315789 508.805263157895 547.922105263158
0.00034 2.5e-07 0.01 0.01333 0.5 482.744449712871 414.392631578947 454.176315789474 481.610526315789 512.647368421053 554.775263157895 473.869337758811 402.085789473685 443.697368421052 475.168421052632 503.163157894737 545.824210526316
0.00034 2.5e-07 0.5 0.01333 0.001 483.161403508772 432.891578947369 463.4 485.015789473684 509.776315789474 530.875263157895 474.718128654971 427.826315789473 451.392105263158 472.118421052632 490.953947368421 541.708157894737
0.00034 2.5e-07 0.5 0.01333 0.01 469.534605944914 397.584210526316 441.305263157895 464.242105263158 497.731578947368 550.137894736842 466.303769889841 393.908421052632 440.376315789474 469.073684210526 494.797368421053 526.429473684211
0.00034 2.5e-07 0.5 0.01333 0.1 468.638328599915 401.226315789474 441.797368421053 467.957894736842 494.665789473685 537.771052631578 467.952053708005 391.162105263158 437.057894736842 466.315789473684 497.3 540.012631578947
0.00034 2.5e-07 0.5 0.01333 0.5 468.646063157895 396.188947368421 439.640789473684 468.873684210526 498.842105263158 540.663684210526 463.962057894737 390.240789473684 433.868421052631 464.868421052632 494.115789473684 535.263157894737
0.00034 2.5e-07 0.01 0.02667 0.001 485.009868421053 416.214736842105 449.942105263157 503.352631578947 518.918421052632 532.265263157895 458.74298245614 410.427631578947 437.267105263158 467.05 474.151315789474 494.162368421052
0.00034 2.5e-07 0.01 0.02667 0.01 476.751261715934 397.153684210526 446.531578947368 477.063157894737 508.2 554.593684210526 465.750775278445 399.252631578947 436.568421052632 465.615789473684 492.368421052632 536.331578947368
0.00034 2.5e-07 0.01 0.02667 0.1 480.936207312174 412.553684210527 450.263157894737 481.157894736842 509.134210526316 557.359473684211 465.593162299053 395.122368421053 436.773684210526 467.063157894736 494.396052631579 535.115789473684
0.00034 2.5e-07 0.01 0.02667 0.5 482.808815789474 410.736578947368 454.228947368421 482.436842105264 512.336842105263 551.418684210526 462.508268421053 388.061315789474 433.553947368421 462.426315789474 492.267105263158 534.466842105263
0.00034 2.5e-07 0.5 0.02667 0.001 475.125598086124 425.803157894737 451.825 470.992105263157 499.103947368421 532.062631578947 438.929934210526 382.928684210526 409.469736842105 434.742105263158 464.543421052632 495.416052631579
0.00034 2.5e-07 0.5 0.02667 0.01 456.146387708401 388.898157894737 426.431578947368 453.728947368421 481.176315789473 520.964736842106 449.421430499325 383.755263157895 421.680263157895 444.847368421052 478.369736842105 519.156842105263
0.00034 2.5e-07 0.5 0.02667 0.1 455.793339732309 385.925263157895 426.792105263158 455.952631578947 482.771052631579 524.664210526316 452.259424292315 380.371052631579 424.436842105263 450.331578947368 481.244736842105 521.05
0.00034 2.5e-07 0.5 0.02667 0.5 454.867878947368 386.512894736842 427.130263157895 454.652631578948 483 524.236315789474 448.993263157895 382.213157894737 419.123684210526 447.63947368421 477.948684210526 524.049210526316
0.00034 2.5e-07 0.01 0.05333 0.001 462.028421052632 400.55552631579 445.676315789474 456.373684210527 483.421052631579 525.007631578947 438.898716302952 371.021052631579 405.342105263158 437.1 474.063157894737 511.736842105263
0.00034 2.5e-07 0.01 0.05333 0.01 474.780844001897 408.45 440.884210526316 476.263157894737 502.655263157895 541.723684210526 449.437553342816 380.174210526316 419.865789473684 450.168421052632 479.457894736842 518.013684210526
0.00034 2.5e-07 0.01 0.05333 0.1 476.33000455403 403.19052631579 445.526315789474 477.615789473684 507.668421052632 549.467368421053 450.882507119502 377.712105263158 422.909210526316 451.365789473684 481.811842105263 522.121052631579
0.00034 2.5e-07 0.01 0.05333 0.5 478.637242105263 405.881842105263 452.644736842106 478.068421052631 507.961842105263 546.839473684211 450.472121052632 384.307894736842 422.1 450.1 476.940789473684 518.284473684211
0.00034 2.5e-07 0.5 0.05333 0.001 438.013831089351 365.108421052631 396.557894736842 444.957894736842 473.423684210526 512.064210526316 433.320331651045 386.161052631579 409.931578947368 431.205263157895 451.831578947368 497.441052631579
0.00034 2.5e-07 0.5 0.05333 0.01 441.352911123964 375.277631578948 411.930263157895 439.86052631579 471.940789473684 505.097368421052 432.528244471113 367.889736842105 403.75 429.992105263158 461.610526315789 505.646842105263
0.00034 2.5e-07 0.5 0.05333 0.1 437.101484210526 373.598157894737 408.622368421052 435.268421052632 467.197368421052 507.421052631579 431.866689473684 360.801842105263 401.555263157895 431.755263157895 461.746052631579 504.926052631579
0.00034 2.5e-07 0.5 0.05333 0.5 436.908115789474 366.426315789473 408.336842105263 436.823684210526 464.775 507.324210526316 430.483815789474 364.847368421053 404.182894736842 429.534210526316 457.975 497.027894736842
0.00034 2.5e-07 0.01 0.0667 0.001 455.858947368421 394.859736842105 429.268421052631 453.984210526316 474.092105263158 525.007631578947 445.917440660475 379.984210526316 412.868421052632 435.178947368421 481.623684210526 532.55
0.00034 2.5e-07 0.01 0.0667 0.01 470.35006119951 403.985263157895 442.421052631579 467.231578947368 503.7 543.383157894737 441.584356413422 371.78947368421 416.621052631579 441.968421052632 465.647368421053 511.522105263158
0.00034 2.5e-07 0.01 0.0667 0.1 474.348001949318 405.24552631579 442.882894736842 472.08947368421 507.867105263158 547.857368421053 446.466768421053 375.546578947369 416.713157894737 444.768421052631 475.336842105263 520.646052631578
0.00034 2.5e-07 0.01 0.0667 0.5 474.840673684211 410.023421052632 444.863157894737 471.465789473684 505.236842105263 548.011315789473 444.611768421053 377.087894736842 416.414473684211 443.105263157895 470.806578947369 515.308947368421
0.00034 2.5e-07 0.5 0.0667 0.001 431.737224880383 379.531578947369 408.965789473684 432.078947368421 455.692105263158 488.88 430.287280701754 361.753947368421 402.080263157895 426.305263157895 464.909210526315 495.856315789474
0.00034 2.5e-07 0.5 0.0667 0.01 432.556602329734 368.319473684211 403.297368421053 431.847368421053 458.094736842105 504.931052631579 424.959870284777 360.844736842105 397.06447368421 424.076315789473 453.709210526316 492.577631578947
0.00034 2.5e-07 0.5 0.0667 0.1 432.871905263158 366.853157894737 406.225 432.510526315789 457.428947368421 502.516842105264 426.894947368421 358.595789473684 397.334210526316 425.244736842106 454.693421052631 498.509473684211
0.00034 2.5e-07 0.5 0.0667 0.5 429.101221052632 364.893684210526 400.015789473684 427.686842105263 455.731578947369 497.765789473684 425.801294736842 360.725789473684 400.318421052632 424.989473684211 450.605263157895 495.693157894737
0.00034 2.5e-07 0.01 0.1334 0.001 480.221052631579 423.492105263158 448.682894736842 475.686842105263 515.039473684211 536.578947368421 423.611111111111 359.442105263158 398.073684210526 414.605263157895 447.789473684211 500.394736842105
0.00034 2.5e-07 0.01 0.1334 0.01 460.892249855408 391.51552631579 429.622368421052 455.273684210527 488.651315789474 537.91447368421 422.850450383384 357.427894736842 394.742105263158 421.536842105263 448.768421052632 488.832631578947
0.00034 2.5e-07 0.01 0.1334 0.1 465.263871635611 389.884210526316 435.382894736842 466.434210526315 493.752631578947 538.573684210526 427.344389473684 365.203684210527 399.857894736842 423.63947368421 453.152631578947 497.438157894737
0.00034 2.5e-07 0.01 0.1334 0.5 468.529515789474 399.012894736842 440.464473684211 468.928947368421 497.389473684211 535.632631578947 426.956105263158 364.176842105264 400.118421052632 426.555263157895 453.203947368421 492.882894736842
0.00034 2.5e-07 0.5 0.1334 0.001 418.249577067669 349.87447368421 395.447368421053 417.973684210526 444.615789473684 479.376315789474 405.305852042694 343.942105263158 374.244736842105 402.957894736842 434.102631578947 469.032105263158
0.00034 2.5e-07 0.5 0.1334 0.01 414.917884759292 353.020263157894 388.614473684211 414.023684210527 440.548684210526 475.84447368421 408.372474154135 347.359210526316 383.223684210526 408.631578947368 432.730263157895 470.613157894737
0.00034 2.5e-07 0.5 0.1334 0.1 412.939557894737 348.599210526316 386.932894736842 412.834210526316 437.911842105263 478.53552631579 408.329442105263 348.253157894737 381.771052631579 407.326315789473 433.211842105263 476.808421052632
0.00034 2.5e-07 0.5 0.1334 0.5 413.593173684211 348.32052631579 385.28947368421 412.792105263158 441.051315789474 480.701578947368 407.172442105263 345.537894736842 381.139473684211 406.5 432.575 473.327368421053
0.0017 2.5e-07 0.01 0 0.001 537.256578947369 477.424473684211 517.248684210527 552.968421052632 572.976315789474 575.092105263158 528.293421052632 501.790263157895 508.551315789474 529.723684210526 549.465789473684 552.794210526316
0.0017 2.5e-07 0.01 0 0.01 533.84269005848 494.290789473685 517.226315789474 534.284210526316 551.172368421053 573.718421052632 535.683191850594 476.01052631579 509.505263157895 543.636842105263 551.486842105263 595.028947368421
0.0017 2.5e-07 0.01 0 0.1 543.796410637902 485.086315789473 523.881578947369 542.878947368421 566.434210526316 603.856315789474 543.217194110679 493.3 523.126315789473 541.315789473684 562.713157894737 595.726315789474
0.0017 2.5e-07 0.01 0 0.5 539.255476907982 486.213157894737 515.373684210526 538.268421052632 561.352631578947 594.507894736842 542.155800792303 483.522894736842 518.701315789473 543.771052631579 564.393421052632 597.881052631579
0.0017 2.5e-07 0.5 0 0.001 537.256578947369 477.424473684211 517.248684210527 552.968421052632 572.976315789474 575.092105263158 528.293421052632 501.790263157895 508.551315789474 529.723684210526 549.465789473684 552.794210526316
0.0017 2.5e-07 0.5 0 0.01 533.84269005848 494.290789473685 517.226315789474 534.284210526316 551.172368421053 573.718421052632 535.683191850594 476.01052631579 509.505263157895 543.636842105263 551.486842105263 595.028947368421
0.0017 2.5e-07 0.5 0 0.1 543.796410637902 485.086315789473 523.881578947369 542.878947368421 566.434210526316 603.856315789474 543.217194110679 493.3 523.126315789473 541.315789473684 562.713157894737 595.726315789474
0.0017 2.5e-07 0.5 0 0.5 539.255476907982 486.213157894737 515.373684210526 538.268421052632 561.352631578947 594.507894736842 542.155800792303 483.522894736842 518.701315789473 543.771052631579 564.393421052632 597.881052631579
0.0017 2.5e-07 0.01 0.0067 0.001 537.230263157895 500.328421052631 523.431578947368 539.773684210526 553.572368421053 570.571315789474 530.101973684211 498.637368421053 509.835526315789 528.202631578947 542.157894736842 570.613684210526
0.0017 2.5e-07 0.01 0.0067 0.01 539.628125 487.522631578948 515.425 546.626315789474 561.334210526315 599.692105263158 538.080055401662 468.294736842105 512.206578947368 540.03947368421 564.955263157895 598.519736842106
0.0017 2.5e-07 0.01 0.0067 0.1 541.751557187543 485.060526315789 520.965789473684 542.442105263158 564.447368421052 593.984210526316 539.177987006873 477.952631578947 517.078947368421 540.478947368421 559.084210526316 598.937894736842
0.0017 2.5e-07 0.01 0.0067 0.5 540.563654103479 485.14552631579 519.730263157895 540.597368421053 562.371052631579 597.954736842105 539.724183809778 483.146315789473 517.521052631579 540.831578947368 562.863157894737 595.566315789474
0.0017 2.5e-07 0.5 0.0067 0.001 538.239097744361 516.085789473684 528.913157894737 536.973684210526 541.626315789473 566.985789473684 529.017543859649 474.828947368421 506.548684210527 527.731578947368 556.902631578947 581.316315789474
0.0017 2.5e-07 0.5 0.0067 0.01 538.756371191136 486.327631578947 515.075 540.123684210526 558.006578947369 592.601315789474 535.745372050817 472.594736842106 512.647368421053 544.142105263158 560.221052631579 583.793421052632
0.0017 2.5e-07 0.5 0.0067 0.1 540.078367766664 485.804210526316 519.094736842105 539.878947368421 561.886842105263 596.151578947368 538.079637494312 477.416315789474 515.490789473684 539.468421052631 560.894736842105 598.709210526315
0.0017 2.5e-07 0.5 0.0067 0.5 538.415069252078 479.371578947368 515.861842105263 538.781578947368 562.598684210526 596.327894736842 537.628321058008 479.281578947368 515.157894736842 538.352631578947 561.147368421053 596.42052631579
0.0017 2.5e-07 0.01 0.01333 0.001 533.266315789473 489.870526315789 509.794736842105 541.321052631579 556.58947368421 570.307368421052 531.416842105263 474.534210526316 508.26052631579 535.094736842105 563.107894736842 574.564736842106
0.0017 2.5e-07 0.01 0.01333 0.01 535.760210526316 492.527105263158 523.740789473685 535.418421052632 551.048684210526 577.756052631579 533.086822318955 473.766315789474 510.4 533.842105263158 556.068421052632 591.546315789474
0.0017 2.5e-07 0.01 0.01333 0.1 536.162584889643 487.481578947368 515.63552631579 536.521052631579 556.931578947368 587.26052631579 537.802913881498 480.505263157895 512.58947368421 536.963157894737 561.676315789474 599.386842105263
0.0017 2.5e-07 0.01 0.01333 0.5 538.930535798957 482.537368421053 514.765789473685 538.026315789474 562.805263157895 596.270526315789 535.661215789474 478.256842105263 509.719736842105 535.963157894737 560.307894736842 594.158947368421
0.0017 2.5e-07 0.5 0.01333 0.001 534.636090225564 507.801842105263 518.230263157894 528.431578947369 551.13552631579 567.728421052632 545.965497076024 489.165263157895 527.472368421053 542.971052631579 558.518421052632 602.869473684211
0.0017 2.5e-07 0.5 0.01333 0.01 535.07265037594 478.561842105263 508.819736842105 534.444736842105 561.576315789474 590.151578947369 531.434379051076 475.576315789474 505.844736842105 530.389473684211 554.368421052631 589.21
0.0017 2.5e-07 0.5 0.01333 0.1 533.638628044932 474.611842105263 508.752631578947 532.205263157895 558.539473684211 596.878947368421 533.063905665804 472.482105263158 509.834210526315 532.384210526316 558.728947368421 593.915263157895
0.0017 2.5e-07 0.5 0.01333 0.5 533.268421052632 475.847368421053 511.838157894737 533.352631578947 555.26447368421 590.348157894737 533.852463157895 476.145263157895 510.38552631579 533.405263157895 556.759210526316 593.664473684211
0.0017 2.5e-07 0.01 0.02667 0.001 532.584962406015 498.276315789474 508.594736842105 530.068421052632 556.347368421053 572.698421052631 515.017105263158 490.196052631579 499.23947368421 512.313157894737 530.425 544.126315789474
0.0017 2.5e-07 0.01 0.02667 0.01 533.974376731302 480.171052631579 514.663157894736 532.105263157895 552.305263157895 597.346052631579 528.014411565394 465.206315789474 503.657894736842 530.847368421053 555.147368421053 582.888421052631
0.0017 2.5e-07 0.01 0.02667 0.1 535.635392712551 480.503684210527 515.135526315789 535.039473684211 556.234210526316 596.393684210527 531.382862981167 475.326315789474 508.805263157895 531.221052631579 553.884210526316 585.963157894737
0.0017 2.5e-07 0.01 0.02667 0.5 536.168784210526 478.983157894737 513.847368421053 535.036842105264 561.002631578948 589.017105263158 531.964463157895 468.698157894737 508.067105263158 533.644736842105 556.438157894737 590.199736842106
0.0017 2.5e-07 0.5 0.02667 0.001 529.774370709382 474.637894736842 504.842105263158 531.58947368421 551.168421052632 578.631052631579 515.686068111455 462.491842105263 495.343421052631 515.542105263158 530.634210526315 561.725263157895
0.0017 2.5e-07 0.5 0.02667 0.01 523.630041771094 465.120526315789 498.876315789474 525.863157894737 549.492105263158 579.574210526316 520.787519195868 458.225263157895 494.426315789474 521.157894736842 545.952631578947 582.867368421053
0.0017 2.5e-07 0.5 0.02667 0.1 526.080091299678 463.965789473684 501.357894736842 525.505263157895 548.882894736842 586.69 521.341179582121 464.350526315789 497.942105263158 519.989473684211 546.202631578947 580.115789473684
0.0017 2.5e-07 0.5 0.02667 0.5 525.244215789474 468.738421052632 500.435526315789 525.647368421053 549.475 583.12 520.689852631579 459.641578947368 496.573684210526 521.526315789474 545.217105263158 578.566315789474
0.0017 2.5e-07 0.01 0.05333 0.001 533.36992481203 491.422631578947 506.91052631579 525.484210526316 559.534210526316 583.682631578947 518.074310776942 449.907631578948 494.002631578947 512.75 541.918421052631 577.496842105263
0.0017 2.5e-07 0.01 0.05333 0.01 528.702772556391 468.812105263158 502.5 526.815789473684 552.443421052631 584.424736842106 520.71502084419 459.825789473684 496.219736842105 519.702631578947 545.096052631579 582.835
0.0017 2.5e-07 0.01 0.05333 0.1 530.220857217301 470.110526315789 505.673684210526 530.981578947368 556.128947368421 587.085526315789 522.83983983984 463.736842105264 498.486842105263 521.889473684211 545.557894736842 586.99052631579
0.0017 2.5e-07 0.01 0.05333 0.5 532.874163157895 474.219736842105 509.060526315789 534.007894736842 556.590789473684 590.449210526316 523.505863157895 459.302368421053 499.009210526316 524.928947368421 549.194736842105 582.353684210527
0.0017 2.5e-07 0.5 0.05333 0.001 515.661152882205 476.665789473684 492.376315789474 516.157894736842 537.925 566.781578947369 493.894807965861 423.141578947369 469.538157894737 494.994736842106 516.790789473684 556.164736842105
0.0017 2.5e-07 0.5 0.05333 0.01 511.771716496322 453.328947368421 486.302631578947 511.573684210526 534.944736842105 573.007894736842 500.984116693679 436.706315789473 474.915789473684 502.836842105263 527.2 563.536842105263
0.0017 2.5e-07 0.5 0.05333 0.1 512.280094736842 450.047631578947 488.236842105263 512.005263157895 537.219736842105 570.765263157895 505.828378947368 442.105526315789 478.5 506.792105263158 533.175 570.117368421052
0.0017 2.5e-07 0.5 0.05333 0.5 510.956236842105 453.232894736842 485.968421052632 510.376315789473 535.959210526316 572.069736842105 505.7379 435.215789473685 480.355263157895 507.647368421053 533.302631578948 567.228684210527
0.0017 2.5e-07 0.01 0.0667 0.001 538.892631578947 470.539736842105 504.277631578947 549.23947368421 576.942105263158 592.623947368421 520.264842105263 454.139736842105 503.690789473684 520.734210526316 550.990789473684 568.550526315789
0.0017 2.5e-07 0.01 0.0667 0.01 527.884997927891 475.24 499.931578947369 528.942105263158 553.715789473684 584.605789473684 515.543075379126 454.493684210527 489.419736842105 515.936842105263 540.975 577.907631578947
0.0017 2.5e-07 0.01 0.0667 0.1 531.110781386089 474.790789473684 510.2 530.889473684211 553.861842105263 585.922368421053 518.158668421053 451.078684210527 493.073684210526 517.836842105263 545.084210526316 580.285789473684
0.0017 2.5e-07 0.01 0.0667 0.5 531.464268421053 473.061052631579 506.506578947368 530.73947368421 556.048684210526 589.378421052631 519.394436842105 459.203421052631 494.898684210526 518.328947368421 544.797368421053 579.342894736842
0.0017 2.5e-07 0.5 0.0667 0.001 515.392452830189 449.666315789474 493.715789473684 517.221052631579 542.957894736842 566.997894736842 498.321238390093 437.628421052632 475.289473684211 501.373684210526 522.173684210526 560.018947368421
0.0017 2.5e-07 0.5 0.0667 0.01 505.878811763709 443.394736842105 480.036842105263 505.815789473684 531.6 566.584210526316 494.417079171015 431.592105263158 467.118421052632 496.476315789474 521.209210526315 556.527631578948
0.0017 2.5e-07 0.5 0.0667 0.1 507.919026315789 446.711052631579 483.698684210526 508.328947368421 532.615789473684 567.732631578947 498.994721052632 433.677631578947 471.778947368421 499.521052631579 524.768421052632 560.028421052632
0.0017 2.5e-07 0.5 0.0667 0.5 506.13987368421 442.011842105263 480.273684210527 505.873684210526 532.878947368421 569.086578947369 499.190510526316 430.954210526316 473.728947368421 500.002631578947 526.721052631579 562.940263157894
0.0017 2.5e-07 0.01 0.1334 0.001 519.516842105263 491.664210526316 503.589473684211 516.247368421052 524.673684210526 561.064736842105 495.905326569436 443.641052631579 467.157894736842 492.921052631579 523.210526315789 555.83947368421
0.0017 2.5e-07 0.01 0.1334 0.01 518.757477025898 454.553684210526 495.173684210526 519.426315789474 547.010526315789 575.084210526316 498.828097626713 433.117368421053 471.081578947368 499.878947368421 525.644736842105 563.949473684211
0.0017 2.5e-07 0.01 0.1334 0.1 526.500472475552 465.498947368421 504.951315789474 526.015789473684 550.747368421053 584.660789473685 502.188273684211 433.5 477.621052631579 502.984210526315 529.55 565.536578947368
0.0017 2.5e-07 0.01 0.1334 0.5 528.323242105263 468.841578947368 504.469736842105 526.373684210527 552.264473684211 588.676578947369 503.684873684211 440.719210526316 477.365789473684 504.56052631579 529.389473684211 567.555
0.0017 2.5e-07 0.5 0.1334 0.001 486.885840707965 414.003157894737 461.4 486.342105263158 514.573684210526 548.48947368421 471.715826023392 403.18052631579 446.063157894737 476.16052631579 495.25 536.359736842105
0.0017 2.5e-07 0.5 0.1334 0.01 481.956660401003 415.657631578947 458.032894736843 481.736842105263 510.285526315789 545.443157894736 473.170710906011 411.542105263158 445.521052631579 471.752631578947 498.1 541.384210526316
0.0017 2.5e-07 0.5 0.1334 0.1 483.6806 413.915 456.525 485.655263157895 509.914473684211 551.562631578948 473.015626315789 403.953157894737 444.713157894737 471.771052631579 500.293421052632 544.357368421053
0.0017 2.5e-07 0.5 0.1334 0.5 484.114952631579 418.455 456.156578947369 484.765789473684 513.411842105264 547.702894736842 474.132094736842 406.201578947368 446.184210526316 475.444736842105 502.892105263158 542.534210526316
0.0034 2.5e-07 0.01 0 0.001 565.143421052632 545.398947368421 555.478947368421 568.757894736842 578.422368421053 579.827631578947 530.383040935673 476.626315789474 511.968421052632 545.147368421053 557.526315789474 563.583157894737
0.0034 2.5e-07 0.01 0 0.01 556.785448916409 511.484736842105 536.580263157894 554.184210526316 568.418421052632 612.825 545.795029239766 490.303947368421 525.961842105263 545.123684210526 563.005263157895 602.398684210526
0.0034 2.5e-07 0.01 0 0.1 553.773532752745 502.071578947369 532.205263157894 554.455263157895 574.336842105263 608.753684210526 551.305416453756 492.014736842105 533.405263157895 553.152631578947 575.331578947368 596.515789473684
0.0034 2.5e-07 0.01 0 0.5 547.692499819011 494.644736842105 524.397368421053 548.442105263158 570.834210526316 600.911052631579 549.602154764505 497.123684210526 528.857894736842 548.789473684211 570.407894736842 604.702631578947
0.0034 2.5e-07 0.5 0 0.001 565.143421052632 545.398947368421 555.478947368421 568.757894736842 578.422368421053 579.827631578947 530.383040935673 476.626315789474 511.968421052632 545.147368421053 557.526315789474 563.583157894737
0.0034 2.5e-07 0.5 0 0.01 556.785448916409 511.484736842105 536.580263157894 554.184210526316 568.418421052632 612.825 545.795029239766 490.303947368421 525.961842105263 545.123684210526 563.005263157895 602.398684210526
0.0034 2.5e-07 0.5 0 0.1 553.773532752745 502.071578947369 532.205263157894 554.455263157895 574.336842105263 608.753684210526 551.305416453756 492.014736842105 533.405263157895 553.152631578947 575.331578947368 596.515789473684
0.0034 2.5e-07 0.5 0 0.5 547.692499819011 494.644736842105 524.397368421053 548.442105263158 570.834210526316 600.911052631579 549.602154764505 497.123684210526 528.857894736842 548.789473684211 570.407894736842 604.702631578947
0.0034 2.5e-07 0.01 0.0067 0.001 550.963157894737 509.201315789474 527.388157894737 562.944736842106 565.481578947368 584.784210526316 538.42850877193 502.964473684211 518.534210526316 546.486842105263 559.255263157895 562.940789473684
0.0034 2.5e-07 0.01 0.0067 0.01 553.294407894737 513.222894736842 530.164473684211 548.678947368422 573.953947368421 614.406315789474 554.161171797418 500.511578947368 530.005263157895 548.857894736842 581.573684210526 624.942105263158
0.0034 2.5e-07 0.01 0.0067 0.1 548.118079289132 497.942368421052 529.928947368421 546.960526315789 567.577631578947 599.09947368421 550.345321637427 500.602631578947 527.41052631579 550.376315789474 573.469736842105 601.359210526316
0.0034 2.5e-07 0.01 0.0067 0.5 547.544355839093 495.147368421053 525.273684210526 546.473684210526 568.436842105263 603.334210526316 547.257229916897 494.890526315789 525.509210526316 548.063157894737 570.628947368421 599.052894736842
0.0034 2.5e-07 0.5 0.0067 0.001 544.791578947368 501.813684210526 521.08947368421 556.936842105263 572.6 575.58947368421 536.334210526316 496.859210526316 519.017105263158 540.444736842105 556.272368421053 565.02447368421
0.0034 2.5e-07 0.5 0.0067 0.01 548.559387274155 499.898947368421 525.352631578947 550.684210526316 571.457894736842 594.717894736842 548.749201655825 501.341052631579 525.410526315789 545.468421052632 570.326315789474 601.294736842105
0.0034 2.5e-07 0.5 0.0067 0.1 548.641852447713 488.938947368421 527.773684210526 551.978947368421 569.268421052632 597.714736842106 548.012780701754 485.955 526.089473684211 548.613157894737 570.511842105263 604.639473684211
0.0034 2.5e-07 0.5 0.0067 0.5 546.758840650012 494.102105263158 523.443421052631 545.794736842106 570.96447368421 600.981315789474 548.347776287853 496.461315789474 525.094736842105 547.947368421052 571.818421052631 602.35447368421
0.0034 2.5e-07 0.01 0.01333 0.001 562.155789473684 522.418947368421 532.936842105263 563.257894736842 588.926315789474 602.48 547.75298245614 501.386842105263 529.994736842106 555.763157894737 565.360526315789 581.835789473684
0.0034 2.5e-07 0.01 0.01333 0.01 551.812383900929 516.457894736842 537.565789473684 550.010526315789 566.53947368421 596.586842105263 547.905496040987 489.567368421052 526.847368421053 546.68947368421 569.715789473684 603.037894736842
0.0034 2.5e-07 0.01 0.01333 0.1 544.465967205596 491.103157894737 522.392105263158 544.115789473684 565.186842105263 599.458947368421 546.937455905178 491.064473684211 524.103947368421 548.921052631579 569.306578947369 600.505263157895
0.0034 2.5e-07 0.01 0.01333 0.5 545.413142009954 492.643684210527 523.323684210526 545.95 568.48947368421 597.464736842105 546.160905263158 493.928421052631 525.084210526316 544.736842105263 568.277631578948 598.114736842105
0.0034 2.5e-07 0.5 0.01333 0.001 553.632748538012 514.588421052632 535.115789473684 566.168421052632 572.231578947368 576.098947368421 543.023558897243 492.194736842105 522.2 549.447368421053 559.610526315789 592.289473684211
0.0034 2.5e-07 0.5 0.01333 0.01 545.876725905673 488.706842105263 525.411842105263 544.015789473684 569.438157894737 597 542.51990131579 493.411578947369 519.122368421052 539.836842105263 564.023684210527 592.175263157895
0.0034 2.5e-07 0.5 0.01333 0.1 544.043866370908 487.577368421052 520.636842105263 545.063157894737 565.113157894737 600.058947368421 544.326202795123 488.797894736842 522.2 543.636842105263 566.9 600.491578947368
0.0034 2.5e-07 0.5 0.01333 0.5 543.692067821994 490.951052631579 519.381578947368 543.368421052632 565.759210526316 600.304473684211 542.926437206356 484.928421052631 519.484210526316 542.231578947368 568.057894736842 599.558947368421
0.0034 2.5e-07 0.01 0.02667 0.001 553.648120300752 500.862105263158 537.357894736842 562.836842105263 575.8 589.06052631579 541.953185595568 500.736842105263 528.165789473684 542.421052631579 552.102631578947 581.494736842106
0.0034 2.5e-07 0.01 0.02667 0.01 537.804409672831 488.136578947368 520.936842105263 539.205263157894 562.421052631579 580.138684210526 535.212813575996 477.608421052631 514.231578947368 533.097368421053 557.555263157895 594.240263157895
0.0034 2.5e-07 0.01 0.02667 0.1 541.813102267865 485.058421052632 520.147368421053 543.257894736842 563.43947368421 597.9 540.642957233339 487.444736842105 518.923684210527 540.742105263158 562.294736842106 594.592631578948
0.0034 2.5e-07 0.01 0.02667 0.5 542.921036842105 488.713684210526 521.093421052631 542.068421052631 565.482894736842 601.419210526315 540.748747368421 483.981315789474 518.522368421053 540.552631578948 562.81052631579 592.87447368421
0.0034 2.5e-07 0.5 0.02667 0.001 545.679425837321 496.141578947369 525.140789473684 553.836842105263 566.784210526316 585.955789473684 537.790701754386 479.34947368421 514.902631578947 536.855263157895 555.971052631579 599.143157894737
0.0034 2.5e-07 0.5 0.02667 0.01 541.554712362301 485.584210526316 520.073684210526 542.947368421053 562.636842105263 593.468421052632 535.67485380117 479.567368421052 511.878947368421 536.242105263158 559.178947368421 592.665263157895
0.0034 2.5e-07 0.5 0.02667 0.1 538.560447882296 475.408421052632 516.873684210526 540.610526315789 562.857894736842 590.356842105263 536.858962164447 481.373684210527 513.542105263158 536.613157894737 560.153947368421 590.719736842105
0.0034 2.5e-07 0.5 0.02667 0.5 539.573884210526 486.100263157894 517.778947368421 540.339473684211 560.286842105263 593.525789473684 537.08042631579 480.004210526315 514.830263157895 537.697368421052 560.756578947368 591.882368421053
0.0034 2.5e-07 0.01 0.05333 0.001 541.154736842105 481.226315789474 510.468421052632 548.389473684211 574.873684210526 593.475789473684 533.013900134953 468.984210526316 509.531578947369 530.763157894737 545.821052631579 606.887368421053
0.0034 2.5e-07 0.01 0.05333 0.01 530.967675826735 475.96 512.842105263158 533.773684210526 548.852631578947 583.521052631579 529.348721804511 470.246315789474 505.410526315789 530.010526315789 551.663157894737 587.875789473684
0.0034 2.5e-07 0.01 0.05333 0.1 535.368679245283 483.105789473684 512.471052631578 535.294736842105 558.807894736843 589.674736842105 534.477164856028 475.636842105263 509.406578947368 533.784210526316 561.56447368421 591.928684210526
0.0034 2.5e-07 0.01 0.05333 0.5 539.284221052632 486.513157894737 517.806578947369 538.339473684211 560.1 594.430789473685 533.603568421053 475.761578947369 509.686842105263 533.484210526316 556.171052631579 591.745263157894
0.0034 2.5e-07 0.5 0.05333 0.001 527.600979192167 472.195263157895 505.073684210526 520.257894736842 554.313157894737 578.708947368421 519.290410958904 454.944210526316 489.457894736842 516.721052631579 546.6 579.056842105263
0.0034 2.5e-07 0.5 0.05333 0.01 530.09269917914 470.06 503.926315789474 528.963157894737 555.426315789474 585.76947368421 522.568481350676 466.539473684211 500.776315789474 521.3 547.289473684211 582.01052631579
0.0034 2.5e-07 0.5 0.05333 0.1 530.142416100311 474.048421052632 507.144736842105 530.110526315789 554.968421052632 584.73 526.244321052632 466.804736842105 501.052631578948 526.344736842105 551.11447368421 584.95447368421
0.0034 2.5e-07 0.5 0.05333 0.5 529.747110526316 472.93947368421 508.177631578947 529.455263157894 553.147368421053 584.120789473684 525.8686 467.414210526316 501.25 526.736842105263 550.047368421052 584.261315789474
0.0034 2.5e-07 0.01 0.0667 0.001 539.747368421053 503.265263157895 513.284210526316 548.378947368421 560.131578947368 577.546315789473 527.491666666667 486.263421052632 501.047368421053 527.571052631578 547.271052631579 574.888157894736
0.0034 2.5e-07 0.01 0.0667 0.01 528.074728142671 479.994736842105 510.268421052632 528.884210526316 546.963157894737 571.421052631579 527.564398988738 472.980789473685 502.069736842105 527.723684210526 550.705263157894 585.116578947369
0.0034 2.5e-07 0.01 0.0667 0.1 533.174453970837 478.594736842105 511.415789473684 533.563157894737 555.042105263158 583.978947368421 532.0321 477.294736842105 508.271052631579 529.892105263158 555.85 592.515789473684
0.0034 2.5e-07 0.01 0.0667 0.5 537.346089473684 476.957631578948 514.8 539.092105263157 560.344736842105 592.007105263158 534.450168421053 477.485 510.393421052632 534.221052631579 558.73552631579 594.69894736842
0.0034 2.5e-07 0.5 0.0667 0.001 531.186315789474 457.979210526316 518.844736842105 528.452631578947 554.657894736842 590.075 516.160036719706 455.65 497.486842105263 515.436842105264 541.994736842105 566.101315789473
0.0034 2.5e-07 0.5 0.0667 0.01 526.249641148325 463.93552631579 502.61052631579 525.771052631579 550.744736842105 586.740789473684 520.699099031459 461.647368421053 497.431578947368 521.178947368421 545.531578947368 576.994736842105
0.0034 2.5e-07 0.5 0.0667 0.1 526.361831578947 468.223947368421 504.082894736842 527.678947368421 551.272368421052 580.227105263158 522.189984210526 462.399736842105 498.855263157895 523.157894736842 545.631578947368 579.229210526316
0.0034 2.5e-07 0.5 0.0667 0.5 525.791621052632 468.373947368421 501.780263157894 525.889473684211 548.96447368421 583.773157894737 522.374515789474 462.4 498.497368421052 522.005263157895 545.921052631579 582.433157894737
0.0034 2.5e-07 0.01 0.1334 0.001 530.650292397661 487.602105263158 512.610526315789 539.352631578947 554.331578947368 562.707368421053 515.160038986355 448.552631578947 489.015789473684 518.315789473684 540.936842105263 581.357894736842
0.0034 2.5e-07 0.01 0.1334 0.01 522.921911357341 467.782894736842 500.430263157895 522.347368421053 541.4 582.439210526316 516.863315789474 458.928684210526 492.930263157895 517.06052631579 541.755263157895 575.050789473685
0.0034 2.5e-07 0.01 0.1334 0.1 527.236858708285 471.242105263158 503.742105263157 527.047368421053 549.539473684211 584.131578947369 521.395468421053 460.042105263158 496.530263157895 522.305263157895 546.055263157895 579.379210526316
0.0034 2.5e-07 0.01 0.1334 0.5 530.5302 475.382105263158 507.51052631579 528.547368421053 554.826315789474 586.644736842105 524.265047368421 463.462105263158 500.26052631579 524.563157894737 548.48552631579 584.608421052631
0.0034 2.5e-07 0.5 0.1334 0.001 506.515204678363 443.796842105263 478.636842105263 511.247368421053 533.905263157895 570.287368421053 496.096071163825 424.657631578947 470.777631578948 497.86052631579 522.663157894737 565.546578947368
0.0034 2.5e-07 0.5 0.1334 0.01 510.102775006236 451.686842105263 483.910526315789 509.178947368421 534.777631578948 574.798947368421 501.767634806079 440.093684210526 476.489473684211 501.294736842105 526.957894736842 566.945263157895
0.0034 2.5e-07 0.5 0.1334 0.1 509.201531578947 444.995526315789 482.581578947368 508.631578947368 535.067105263158 570.183684210526 505.021557894737 439.968421052632 477.826315789474 503.826315789473 529.919736842105 572.371842105264
0.0034 2.5e-07 0.5 0.1334 0.5 511.195736842105 449.170263157895 486.092105263158 511.363157894737 536.43947368421 571.716052631578 503.603052631579 441.378947368421 478.230263157895 502.978947368421 530.897368421052 565.491315789474
