m r d s f D_pi2_mean D_pi2_quantile0.05 D_pi2_quantile0.25 D_pi2_quantile0.50 D_pi2_quantile0.75 D_pi2_quantile0.95 HD_pi2_mean HD_pi2_quantile0.05 HD_pi2_quantile0.25 HD_pi2_quantile0.50 HD_pi2_quantile0.75 HD_pi2_quantile0.95
0 2.5e-07 0.01 0 0.001 387.721052631579 333.879473684211 371.213157894737 391.665789473685 411.268421052632 428.332894736842 262.578947368421 256.833157894737 259.386842105263 262.578947368421 265.771052631579 268.324736842105
0 2.5e-07 0.01 0 0.01 370.112471395881 329.546052631579 352.369736842105 374.942105263157 386.018421052631 403.015789473684 281.443289473684 243.72052631579 258.517105263158 279.007894736842 297.43947368421 323.811578947368
0 2.5e-07 0.01 0 0.1 375.658447814451 329.984736842106 355.592105263158 374.836842105263 395.347368421053 422.282631578947 282.260635551142 237.1 259.868421052632 284.236842105263 301.068421052632 328.477894736842
0 2.5e-07 0.01 0 0.5 374.93410156508 331.708421052631 356.815789473684 373.768421052632 392.968421052632 419.338947368421 281.583709273183 236.713421052632 263.302631578948 281.755263157895 300.711842105263 325.410789473684
0 2.5e-07 0.5 0 0.001 387.721052631579 333.879473684211 371.213157894737 391.665789473685 411.268421052632 428.332894736842 262.578947368421 256.833157894737 259.386842105263 262.578947368421 265.771052631579 268.324736842105
0 2.5e-07 0.5 0 0.01 370.112471395881 329.546052631579 352.369736842105 374.942105263157 386.018421052631 403.015789473684 281.443289473684 243.72052631579 258.517105263158 279.007894736842 297.43947368421 323.811578947368
0 2.5e-07 0.5 0 0.1 375.658447814451 329.984736842106 355.592105263158 374.836842105263 395.347368421053 422.282631578947 282.260635551142 237.1 259.868421052632 284.236842105263 301.068421052632 328.477894736842
0 2.5e-07 0.5 0 0.5 374.93410156508 331.708421052631 356.815789473684 373.768421052632 392.968421052632 419.338947368421 281.583709273183 236.713421052632 263.302631578948 281.755263157895 300.711842105263 325.410789473684
0 2.5e-07 0.01 0.0067 0.001 385.593157894737 331.264210526316 374.864473684211 394.268421052632 407.563157894737 414.097368421052 272.136842105263 268.295263157895 270.002631578948 272.136842105263 274.271052631579 275.978421052632
0 2.5e-07 0.01 0.0067 0.01 368.475363941769 327.954210526316 348.084210526315 370.3 387.581578947368 409.567368421053 279.524671052632 236.61 260.623684210526 278.431578947369 296.484210526316 322.937105263158
0 2.5e-07 0.01 0.0067 0.1 374.927914230019 330.654736842105 355.410526315789 375.726315789474 393.078947368421 419.789473684211 282.337441429661 235.415263157895 261.481578947368 281.773684210526 302.68947368421 327.707894736842
0 2.5e-07 0.01 0.0067 0.5 374.594154421587 331.118947368421 355.252631578947 374.589473684211 392.463157894737 419.306315789474 280.369760960446 234.608947368421 260.282894736842 280.328947368421 299.806578947369 328.116842105263
0 2.5e-07 0.5 0.0067 0.001 379.847846889952 329.273684210527 357.723684210526 389.505263157895 408.313157894737 413.942105263158 276.382456140351 260.667894736842 267.886842105263 276.910526315789 285.142105263158 291.727368421052
0 2.5e-07 0.5 0.0067 0.01 370.616143724696 329.812105263158 350.123684210527 372.571052631578 390.090789473684 412.632631578948 278.457099143207 232.805263157895 258.144736842105 280.834210526316 299.440789473684 323.988157894737
0 2.5e-07 0.5 0.0067 0.1 375.155291110934 330.254736842105 356.444736842105 375.315789473684 393.642105263158 420.598947368421 282.160493214168 235.919736842105 261.936842105263 283.147368421053 302.592105263158 326.317105263158
0 2.5e-07 0.5 0.0067 0.5 373.91245082403 329.270263157895 356.636842105263 374.021052631579 392.880263157894 415.503421052632 280.395314505777 233.284210526315 262.042105263158 279.671052631579 298.948684210526 327.376052631579
0 2.5e-07 0.01 0.01333 0.001 385.157894736842 327.757894736842 386.436842105263 393.826315789474 408.426315789474 413.933684210526 274.508270676692 245.581578947368 256.607894736842 276.926315789474 294.55 299
0 2.5e-07 0.01 0.01333 0.01 368.227935222672 320.088421052632 349.015789473684 368.736842105263 386.668421052632 419.206315789473 278.205825242718 230.498421052632 257.61052631579 279.236842105263 298.302631578948 332.510526315789
0 2.5e-07 0.01 0.01333 0.1 374.352318916102 331.566315789474 357.347368421053 375.5 392.578947368421 415.966315789474 281.214984867498 234.087368421053 260.915789473684 280.568421052632 302.147368421053 327.574736842105
0 2.5e-07 0.01 0.01333 0.5 374.172177440598 329.41052631579 355.673684210526 373.826315789474 393.265789473684 420.221052631579 281.028947368421 234.861052631579 262.722368421052 281.405263157895 298.575 329.504210526316
0 2.5e-07 0.5 0.01333 0.001 371.202476780186 309.717894736842 347.736842105263 376.7 405.157894736842 412.770526315789 283.702339181287 242.433684210526 260.636842105263 294.584210526316 300.180263157895 317.390789473684
0 2.5e-07 0.5 0.01333 0.01 371.153275475924 328.078157894736 352.267105263158 372.892105263158 388.893421052632 414.142894736842 280.665372272144 237.822894736842 259.673684210526 282.355263157895 298.469736842106 323.799473684211
0 2.5e-07 0.5 0.01333 0.1 375.802381383011 330.807368421053 356.757894736842 375.784210526316 395.021052631579 421.033684210526 281.670595760234 235.812368421053 261.796052631579 281.334210526315 301.519736842105 329.693157894736
0 2.5e-07 0.5 0.01333 0.5 373.294757894737 327.437631578948 356.718421052632 374.247368421052 390.115789473684 416.815 280.883310526316 234.894210526316 262.109210526316 281.421052631579 299.656578947368 325.013684210527
0 2.5e-07 0.01 0.02667 0.001 381.385789473684 327.844736842106 360.093421052632 392.213157894736 404.776315789474 414.436052631579 275.705263157895 242.173684210526 260.118421052631 276.447368421053 295.544736842105 300.841578947369
0 2.5e-07 0.01 0.02667 0.01 366.791511035654 316.038947368421 348.489473684211 366.289473684211 384.552631578947 408.078947368421 281.657211948791 236.62 259.494736842105 281.484210526316 300.273684210526 332.290526315789
0 2.5e-07 0.01 0.02667 0.1 374.874037227214 330.375 356.748684210526 374.652631578948 393.472368421052 420.535526315789 280.786883132106 232.852894736842 260.413157894737 280.81052631579 301.188157894737 328.254210526316
0 2.5e-07 0.01 0.02667 0.5 373.625157894737 328.147368421052 357.138157894737 373.665789473684 392.480263157895 415.894210526315 281.510615789474 235.830789473684 261.852631578947 281.997368421052 299.986842105263 327.662631578947
0 2.5e-07 0.5 0.02667 0.001 368.370961887477 318.790526315789 350.052631578947 369.678947368421 385.368421052632 411.527368421052 284.984375 242.018157894737 265.406578947369 290.728947368421 300.636842105263 328.801578947368
0 2.5e-07 0.5 0.02667 0.01 372.425503670155 326.052631578947 353.794736842105 372.084210526316 392.342105263158 415.25052631579 281.575071123755 237.018421052631 263.475 281.43947368421 298.934210526316 329.623684210526
0 2.5e-07 0.5 0.02667 0.1 374.934740051348 329.291578947369 355.168421052631 375.08947368421 393.832894736842 422.121578947369 281.536626622852 234.121052631579 260.573684210526 281.410526315789 302.489473684211 330.402105263158
0 2.5e-07 0.5 0.02667 0.5 373.131668421053 329.805789473684 353.938157894737 372.405263157895 391.706578947368 417.818947368421 280.839378947368 235.273684210526 262.203947368421 281.031578947369 298.532894736842 328.795263157895
0 2.5e-07 0.01 0.05333 0.001 374.686124401914 319.973684210526 351.15 389.505263157895 401.126315789474 413.723684210526 290.911842105263 236.932631578947 274.501315789474 292.734210526316 303.721052631578 345.425789473684
0 2.5e-07 0.01 0.05333 0.01 368.600336842105 314.013684210526 349.015789473684 368.989473684211 389.073684210526 412.442105263158 280.780429713524 233.306578947368 261.998684210526 281.039473684211 297.893421052632 330.096052631579
0 2.5e-07 0.01 0.05333 0.1 375.2819811261 328.742105263158 356.492105263158 375.321052631579 394.992105263157 418.376315789474 281.204280986442 232.590789473684 260.592105263158 280.571052631579 301.284210526316 330.18947368421
0 2.5e-07 0.01 0.05333 0.5 373.560378947368 328.290526315789 354.663157894737 373.131578947369 392.71052631579 419.488684210526 280.516947368421 233.021052631579 262.961842105263 280.155263157895 298.980263157895 327.594473684211
0 2.5e-07 0.5 0.05333 0.001 371.853313840156 326.566842105263 350.88947368421 370.686842105264 388.177631578947 418.011315789474 290.612006578947 243.527894736842 271.553947368421 293.018421052632 305.832894736842 341.069473684211
0 2.5e-07 0.5 0.05333 0.01 372.038899521531 328.220263157895 353.057894736842 371.642105263158 390.056578947369 418.21947368421 279.726073340741 232.315789473684 262.284210526316 279 299.631578947368 324.178947368421
0 2.5e-07 0.5 0.05333 0.1 375.359273684211 330.357631578948 355.534210526316 375.460526315789 393.786842105263 422.195 281.077106845269 231.971052631579 259.751315789473 281.968421052631 300.275 329.425
0 2.5e-07 0.5 0.05333 0.5 373.308631578947 327.951052631579 355.872368421052 373.373684210526 389.969736842105 418.767894736842 281.452378947368 232.888684210527 262.323684210526 281.042105263158 299.144736842105 330.846842105263
0 2.5e-07 0.01 0.0667 0.001 370.719298245614 320.854473684211 347.41447368421 371.792105263158 397.476315789474 413.835789473684 290.596450428397 243.48947368421 274.731578947369 292.589473684211 304.771052631579 343.479473684211
0 2.5e-07 0.01 0.0667 0.01 367.122089314195 318.973421052632 348.136842105263 366.292105263158 387.285526315789 409.966315789474 281.351670843776 233.378157894737 262.625 281.221052631579 298.711842105263 328.291052631579
0 2.5e-07 0.01 0.0667 0.1 375.54822549493 331.404210526316 356.382894736842 375.702631578947 393.790789473684 419.831052631579 281.050413837012 231.952368421053 260.636842105263 280.95 302.475 328.899736842105
0 2.5e-07 0.01 0.0667 0.5 373.501678947368 330.726578947368 356.33552631579 372.665789473684 391.443421052632 415.719473684211 280.940989473684 235.795789473684 262.055263157895 281.328947368421 298.406578947369 326.366315789474
0 2.5e-07 0.5 0.0667 0.001 372.900851393189 330.701052631579 355.311842105263 372.213157894737 387.285526315789 420.418684210526 287.294871794872 241.07552631579 267.844736842105 291.35 305 338.989736842105
0 2.5e-07 0.5 0.0667 0.01 372.717267888823 329.232105263158 353.831578947368 373.168421052632 390.894736842105 418.858947368421 280.624877250409 234.986842105264 262.805263157895 280.668421052632 299.663157894737 326.102631578948
0 2.5e-07 0.5 0.0667 0.1 375.760726315789 330.822105263158 355.846052631579 376.502631578947 394.507894736842 421.684210526316 281.302821052632 232.761578947369 260.148684210526 280.873684210527 302.015789473684 327.944736842105
0 2.5e-07 0.5 0.0667 0.5 373.026152631579 327.820263157895 354.432894736843 371.713157894736 390.357894736842 419.752368421052 281.476321052632 234.512368421052 262.578947368421 280.978947368421 300.447368421053 330.70947368421
0 2.5e-07 0.01 0.1334 0.001 365.15977443609 307.026578947369 345.839473684211 369.260526315789 392.746052631579 413.66 287.892834495878 241.353684210526 271.055263157895 291.821052631579 304.986842105263 336.053157894737
0 2.5e-07 0.01 0.1334 0.01 369.648100197017 324.492631578947 351.286842105263 368.310526315789 389.489473684211 411.581578947368 280.80637254902 234.797631578948 262.211842105263 280.071052631579 298.864473684211 325.499736842105
0 2.5e-07 0.01 0.1334 0.1 376.164112353422 331.912631578947 356.7 376.142105263158 395.357894736842 419.002105263158 281.600184210526 234.542894736842 260.205263157894 281.247368421052 301.572368421053 327.467631578947
0 2.5e-07 0.01 0.1334 0.5 373.8979 330.487105263158 354.360526315789 373.834210526316 391.832894736842 419.601578947369 280.567278947368 235.036578947368 262.251315789474 279.331578947368 299.622368421052 328.495789473684
0 2.5e-07 0.5 0.1334 0.001 374.228221415608 327.210526315789 355.978947368421 372.334210526316 390.747368421052 424.134210526316 283.044065335753 231.484210526316 264.552631578947 282.505263157895 301.194736842105 332.369473684211
0 2.5e-07 0.5 0.1334 0.01 373.843468427165 328.578947368421 355.536842105263 373.247368421053 392.38947368421 420.68947368421 281.586217341916 235.948684210526 263.576315789473 281.494736842106 300.05 324.492894736842
0 2.5e-07 0.5 0.1334 0.1 375.486063157895 329.103157894737 356.582894736842 374.744736842106 394.438157894737 420.457368421052 281.319847368421 233.110263157895 261.047368421052 280.95 301.794736842105 327.844210526316
0 2.5e-07 0.5 0.1334 0.5 373.593568421053 329.373947368421 356.772368421053 372.807894736842 390.503947368421 419.222894736842 281.312273684211 236.387631578947 263.325 280.626315789473 299.978947368421 327.277368421053
0.00034 2.5e-07 0.01 0 0.001 466.163157894737 413.918157894737 434.163157894737 461.013157894737 498.519736842105 524.484473684211 370.223157894737 340.883157894737 343.531578947368 352.631578947368 373.684210526316 427.574736842106
0.00034 2.5e-07 0.01 0 0.01 491.944344904815 445.924210526316 471.015789473684 489.021052631579 512.042105263158 549.024210526315 386.062668298654 327.873684210527 357.431578947369 389.636842105263 415.1 441.468421052631
0.00034 2.5e-07 0.01 0 0.1 489.104441955954 420.798421052632 461.730263157894 489.613157894737 514.706578947368 551.099210526315 381.091140012193 312.487368421053 348.418421052632 380.236842105263 414.768421052632 451.613157894737
0.00034 2.5e-07 0.01 0 0.5 487.125747724317 426.085263157895 464.036842105263 485.789473684211 510.231578947368 546.3 385.295721760542 322.435789473684 358.282894736842 385.41052631579 411.068421052632 449.211052631579
0.00034 2.5e-07 0.5 0 0.001 466.163157894737 413.918157894737 434.163157894737 461.013157894737 498.519736842105 524.484473684211 370.223157894737 340.883157894737 343.531578947368 352.631578947368 373.684210526316 427.574736842106
0.00034 2.5e-07 0.5 0 0.01 491.944344904815 445.924210526316 471.015789473684 489.021052631579 512.042105263158 549.024210526315 386.062668298654 327.873684210527 357.431578947369 389.636842105263 415.1 441.468421052631
0.00034 2.5e-07 0.5 0 0.1 489.104441955954 420.798421052632 461.730263157894 489.613157894737 514.706578947368 551.099210526315 381.091140012193 312.487368421053 348.418421052632 380.236842105263 414.768421052632 451.613157894737
0.00034 2.5e-07 0.5 0 0.5 487.125747724317 426.085263157895 464.036842105263 485.789473684211 510.231578947368 546.3 385.295721760542 322.435789473684 358.282894736842 385.41052631579 411.068421052632 449.211052631579
0.00034 2.5e-07 0.01 0.0067 0.001 466.134210526316 422.643421052632 456.151315789473 470.813157894737 485.613157894737 497.835526315789 380.326315789474 333.206842105263 348.485526315789 367.786842105264 411.757894736842 443.75
0.00034 2.5e-07 0.01 0.0067 0.01 489.378289473684 442.747368421052 470.105263157895 486.628947368421 511.460526315789 536.643947368421 374.077853725222 306.76 340.268421052632 374.915789473684 408.278947368421 434.658947368421
0.00034 2.5e-07 0.01 0.0067 0.1 485.075330634278 423.047894736842 459.328947368421 487.192105263158 512.071052631579 546.712631578947 376.739848158408 310.938947368421 349.373684210526 375.994736842105 403.278947368421 444.795789473684
0.00034 2.5e-07 0.01 0.0067 0.5 485.043294586159 427.801052631579 461.668421052632 484.428947368421 508.978947368421 543.861842105263 379.308814982241 316.406842105263 351.202631578948 378.915789473684 406.732894736842 449.747631578947
0.00034 2.5e-07 0.5 0.0067 0.001 475.655023923445 437.25 464.126315789474 475.610526315789 492.98947368421 513.068421052631 375.117224880383 331.705263157894 356.463157894736 374.589473684211 384.736842105263 430.181578947369
0.00034 2.5e-07 0.5 0.0067 0.01 485.004980192416 441.501052631579 465.647368421053 481.836842105263 506.278947368421 542.18947368421 375.808223684211 298.393684210526 342.030263157895 379.865789473684 409.081578947369 442.619210526316
0.00034 2.5e-07 0.5 0.0067 0.1 483.98526993813 424.521052631579 459.68947368421 483.542105263158 507.984210526316 549.531578947368 373.977493980048 307.865789473684 345.380263157895 373.260526315789 400.922368421053 445.860263157895
0.00034 2.5e-07 0.5 0.0067 0.5 480.911668623892 422.118421052632 455.494736842105 481.931578947369 506.055263157895 539.473684210526 372.905560871877 306.756052631579 342.081578947368 373.763157894736 401.88552631579 443.12552631579
0.00034 2.5e-07 0.01 0.01333 0.001 479.923308270677 428.046842105263 475.678947368421 487.710526315789 500.002631578948 505.912105263158 374.228708133971 309.573684210526 358.271052631579 373.684210526316 403.613157894736 427.66052631579
0.00034 2.5e-07 0.01 0.01333 0.01 476.395459236326 422.936842105264 453.65 480.589473684211 493.281578947369 528.484210526316 374.136641221374 306.957894736842 336.297368421053 373.810526315789 407.644736842105 449.989473684211
0.00034 2.5e-07 0.01 0.01333 0.1 487.493111613389 427.166315789474 461.547368421053 487.1 512.315789473684 548.247368421053 372.204105699934 302.368947368421 342.171052631579 373.942105263158 401.371052631579 440.178947368421
0.00034 2.5e-07 0.01 0.01333 0.5 482.952394499763 424.16052631579 457.297368421053 481.473684210526 505.294736842105 548.821578947369 372.907726315789 303.868947368421 344.575 372.313157894737 400.8 441.758157894737
0.00034 2.5e-07 0.5 0.01333 0.001 467.862280701754 414.584210526316 453.456578947368 474.252631578947 484.977631578947 500.397894736842 368.281578947368 300.025 341.915789473684 373.757894736843 395.446052631579 418.001315789474
0.00034 2.5e-07 0.5 0.01333 0.01 475.205324003651 422.687368421053 449.252631578947 475.421052631579 499.452631578947 534.392631578947 366.627729772192 305.384210526316 335.526315789474 369.173684210526 395.926315789474 435.163157894737
0.00034 2.5e-07 0.5 0.01333 0.1 473.772141982864 410.147368421053 446.376315789474 474.363157894736 500.331578947369 540.731842105263 362.592132707202 292.533157894737 332.942105263158 362.257894736842 391.584210526315 432.444210526316
0.00034 2.5e-07 0.5 0.01333 0.5 472.049421052632 414.119210526316 448.396052631579 473.128947368421 496.142105263158 527.574736842105 362.437289473684 294.075 333.725 361.118421052632 390.488157894737 430.99
0.00034 2.5e-07 0.01 0.02667 0.001 458.897607655502 416.994736842105 431.957894736842 466.894736842105 476.276315789474 497.88947368421 365.252631578947 331.215789473684 345.078947368421 365.563157894737 380.336842105263 412.243157894737
0.00034 2.5e-07 0.01 0.02667 0.01 482.383994232156 425.993684210526 455.294736842105 481.921052631579 504.652631578947 546.426315789474 368.648478995654 307.985789473684 341.880263157895 367.123684210526 399.213157894737 430.339210526316
0.00034 2.5e-07 0.01 0.02667 0.1 484.628893152056 420.165789473685 461.255263157895 485.715789473684 510.307894736842 546.742105263158 364.414409069549 295.246052631579 336.496052631579 364.042105263158 392.823684210526 429.292105263158
0.00034 2.5e-07 0.01 0.02667 0.5 483.075342105263 417.042105263158 457.288157894737 484.4 510.06447368421 542.184736842105 362.528273684211 300.412894736842 333.1 361.402631578947 389.963157894737 430.185789473684
0.00034 2.5e-07 0.5 0.02667 0.001 459.234385964912 391.408157894737 433.136842105263 469.421052631579 485.140789473684 512.474736842105 351.941379310345 286.296842105263 326.163157894737 350.321052631579 371.357894736842 425.191578947368
0.00034 2.5e-07 0.5 0.02667 0.01 460.333687584345 406.225263157895 437.226315789474 462.526315789474 484.727631578947 516.131052631579 349.553057499239 286.482894736842 321.36052631579 348.865789473684 377.963157894737 417.313157894737
0.00034 2.5e-07 0.5 0.02667 0.1 462.228958087684 399.195 438.371052631579 463.047368421053 484.798684210526 524.27 348.56002137323 284.415789473684 321.342105263158 347.563157894737 373.568421052632 418.382105263158
0.00034 2.5e-07 0.5 0.02667 0.5 460.052063157895 400.932105263158 435.632894736842 460.344736842105 483.927631578948 519.245 349.8409 284.453421052631 322.207894736842 348.186842105263 377.973684210526 416.887631578947
0.00034 2.5e-07 0.01 0.05333 0.001 479.520676691729 419.079210526316 463.180263157895 482.213157894736 504.298684210527 526.466052631579 350.195559210526 283.521052631579 333.844736842105 354.752631578947 366.602631578947 408.531052631579
0.00034 2.5e-07 0.01 0.05333 0.01 477.964018218623 412.896578947369 451.819736842105 476.844736842105 501.956578947368 540.005 352.632013662475 282.43947368421 323.268421052631 353.468421052632 379.331578947368 421.863684210526
0.00034 2.5e-07 0.01 0.05333 0.1 479.506379388669 418.707894736842 452.586842105263 478.731578947368 504.344736842105 543.247368421052 350.779091637724 284.824210526316 323.505263157895 350.373684210526 376.784210526316 418.826315789473
0.00034 2.5e-07 0.01 0.05333 0.5 480.318563157895 416.187894736842 456.068421052631 481.252631578948 504.725 538.978421052631 350.183952631579 284.766052631579 321.968421052632 348.742105263158 377.703947368421 418.602105263158
0.00034 2.5e-07 0.5 0.05333 0.001 456.997469635628 387.548157894737 433.867105263158 456.039473684211 477.221052631579 516.915263157895 346.060480147738 288.589473684211 321.463157894737 343.957894736842 370.247368421053 404.535789473684
0.00034 2.5e-07 0.5 0.05333 0.01 449.579045561665 390.025 427.584210526316 449.823684210526 472.03947368421 510.261842105263 332.275163198694 273.325 305.309210526316 330.731578947368 358.522368421053 399.734210526316
0.00034 2.5e-07 0.5 0.05333 0.1 446.539431578947 388.379210526316 421.202631578947 444.771052631579 473.163157894737 504.947631578947 334.687008060692 271.641578947369 307.48947368421 335.615789473684 362.326315789474 399.444736842105
0.00034 2.5e-07 0.5 0.05333 0.5 445.735705263158 387.405526315789 419.546052631579 444.8 473.123684210527 506.95 332.858657894737 270.096578947368 307.463157894737 332.073684210526 358.443421052631 397.153157894737
0.00034 2.5e-07 0.01 0.0667 0.001 474.362105263158 406.328421052632 453.478947368421 487.9 504.842105263158 510.914736842105 349.745844875346 298.280789473685 323.530263157895 347.594736842105 376.707894736842 399.091578947368
0.00034 2.5e-07 0.01 0.0667 0.01 482.816345742405 431.723684210526 458.489473684211 484.305263157895 506.513157894737 534.608947368421 345.308223684211 285.176842105264 318.768421052631 346.028947368421 370.06052631579 410.711052631579
0.00034 2.5e-07 0.01 0.0667 0.1 480.031797235023 415.409210526316 453.975 479.218421052631 506.602631578948 543.89947368421 344.392660114141 278.582894736842 316.257894736842 345.831578947368 372.655263157895 409.873684210527
0.00034 2.5e-07 0.01 0.0667 0.5 478.207957894737 414.550789473684 453.302631578948 477.931578947369 503.246052631579 540.602894736842 344.802478947368 280.493157894737 315.343421052631 344.115789473684 371.673684210526 411.023684210526
0.00034 2.5e-07 0.5 0.0667 0.001 444.138733552632 387.014210526316 423.230263157895 443.805263157895 464.844736842105 495.971842105263 331.552710133543 269.995263157895 308.08947368421 334.68947368421 352.407894736842 389.683157894737
0.00034 2.5e-07 0.5 0.0667 0.01 440.487852250065 384.961578947369 415.342105263158 440.452631578947 465.644736842105 498.212631578947 328.850711237553 268.531315789474 300.390789473684 326.842105263158 357.063157894737 394.330789473684
0.00034 2.5e-07 0.5 0.0667 0.1 441.922289473684 381.82 415.915789473685 441.81052631579 467.528947368421 501.686315789473 327.373473684211 263.925263157895 300.076315789473 327.115789473685 354.956578947368 392.750263157894
0.00034 2.5e-07 0.5 0.0667 0.5 440.854047368421 380.773157894737 416.207894736842 440.210526315789 465.719736842105 499.418421052632 327.013063157895 268.245789473684 300.376315789474 326.978947368421 350.994736842105 389.129736842106
0.00034 2.5e-07 0.01 0.1334 0.001 472.599415204678 411.462894736842 458.306578947369 474.781578947369 493.942105263158 516.271052631579 330.460526315789 271.366052631579 312.417105263158 330.721052631579 353.009210526316 385.285263157895
0.00034 2.5e-07 0.01 0.1334 0.01 472.709179197995 420.810789473684 448.371052631579 468.842105263157 495.907894736842 529.278684210526 330.480430544961 267.2 305.442105263158 328.231578947368 355.242105263158 399.094736842105
0.00034 2.5e-07 0.01 0.1334 0.1 475.107393614108 408.457894736842 448.394736842105 475.210526315789 502.657894736842 539.884210526316 326.551331578947 263.758421052632 298.035526315789 324.894736842105 353.339473684211 397.127631578948
0.00034 2.5e-07 0.01 0.1334 0.5 471.262321052632 410.399210526315 448.173684210526 471.286842105263 495.059210526316 530.680526315789 327.501952631579 265.850789473684 302.434210526316 325.965789473684 353.490789473684 389.796052631579
0.00034 2.5e-07 0.5 0.1334 0.001 425.628213977567 374.694736842105 403.077631578947 421.105263157895 447.022368421053 485.150263157895 317.262393887946 267.232631578948 298.381578947368 313.1 336.990789473685 376.582631578947
0.00034 2.5e-07 0.5 0.1334 0.01 423.532 369.02 399.584210526316 422.421052631579 444.489473684211 481.977894736842 312.583026945354 253.031578947369 288.086842105263 311.834210526316 337.125 372.113157894737
0.00034 2.5e-07 0.5 0.1334 0.1 422.203610526316 367.262105263158 396.821052631579 419.760526315789 445.910526315789 482.535789473684 309.652642105263 255.363421052631 284.561842105264 306.31052631579 332.744736842105 372.093947368421
0.00034 2.5e-07 0.5 0.1334 0.5 420.880931578947 365.90552631579 397.298684210526 420.744736842105 443.5 479.232631578948 308.776168421053 252.733684210526 283.813157894736 308.205263157894 332.864473684211 371.149210526316
0.0017 2.5e-07 0.01 0 0.001 521.891578947368 488.766315789474 517.242105263158 522.436842105263 536.131578947368 548.826315789474 428.023684210526 376.813157894737 391.264473684211 431.431578947369 454.656578947368 482.009210526316
0.0017 2.5e-07 0.01 0 0.01 537.957041251778 488.831578947368 522.484210526316 541.068421052632 559.336842105263 578.515789473684 432.117967332123 389.782105263158 414.536842105263 435.210526315789 449.805263157895 465.405263157895
0.0017 2.5e-07 0.01 0 0.1 544.556509695291 498.369736842105 526.469736842105 544.205263157894 561.497368421052 589.545 430.044544838491 379.807368421053 406.121052631579 433.326315789474 451.826315789474 484.657894736842
0.0017 2.5e-07 0.01 0 0.5 539.589270716685 494.292105263158 519.967105263158 538.863157894737 559.273684210526 587.758684210526 431.736971104231 381.832631578947 411.135526315789 433.155263157895 452.568421052631 480.860789473684
0.0017 2.5e-07 0.5 0 0.001 521.891578947368 488.766315789474 517.242105263158 522.436842105263 536.131578947368 548.826315789474 428.023684210526 376.813157894737 391.264473684211 431.431578947369 454.656578947368 482.009210526316
0.0017 2.5e-07 0.5 0 0.01 537.957041251778 488.831578947368 522.484210526316 541.068421052632 559.336842105263 578.515789473684 432.117967332123 389.782105263158 414.536842105263 435.210526315789 449.805263157895 465.405263157895
0.0017 2.5e-07 0.5 0 0.1 544.556509695291 498.369736842105 526.469736842105 544.205263157894 561.497368421052 589.545 430.044544838491 379.807368421053 406.121052631579 433.326315789474 451.826315789474 484.657894736842
0.0017 2.5e-07 0.5 0 0.5 539.589270716685 494.292105263158 519.967105263158 538.863157894737 559.273684210526 587.758684210526 431.736971104231 381.832631578947 411.135526315789 433.155263157895 452.568421052631 480.860789473684
0.0017 2.5e-07 0.01 0.0067 0.001 542.384210526316 531.622105263158 535.815789473684 539.578947368421 546.357894736842 556.947368421052 431.273684210526 397.082894736842 412.294736842105 429.223684210526 451.153947368421 467.255263157895
0.0017 2.5e-07 0.01 0.0067 0.01 534.135213032581 489.755 514.851315789474 537.536842105263 555.615789473684 571.786578947369 428.672958257713 384.986842105263 410.101315789474 432.178947368421 445.709210526316 470.425789473684
0.0017 2.5e-07 0.01 0.0067 0.1 540.64446860954 494.401052631579 520.281578947369 539.847368421053 561.034210526316 590.88947368421 432.221921776919 381.327631578947 412.780263157895 433.584210526316 451.617105263158 478.809210526316
0.0017 2.5e-07 0.01 0.0067 0.5 541.159163034976 494.188421052632 521.365789473684 542.136842105263 560.996052631579 587.992631578947 433.076270417423 382.113947368421 411.806578947368 433.565789473684 455.182894736843 484.850789473684
0.0017 2.5e-07 0.5 0.0067 0.001 542.636090225564 507.257368421053 510.571052631579 531.778947368421 555.871052631579 609.872631578947 435.492631578947 385.958947368421 410.281578947369 443.247368421052 456.9 481.127894736842
0.0017 2.5e-07 0.5 0.0067 0.01 545.731443994602 498.09552631579 528.11447368421 542.426315789474 564.426315789474 590.343421052631 429.753431045969 371.307894736842 406.331578947368 432.542105263158 454.197368421052 476.478947368421
0.0017 2.5e-07 0.5 0.0067 0.1 542.63598732232 496.851052631579 523.382894736842 541.992105263158 561.742105263158 591.473157894737 430.531475931822 376.495 410.28947368421 429.447368421053 452.055263157895 483.202894736842
0.0017 2.5e-07 0.5 0.0067 0.5 540.076728367529 493.884210526316 521.115789473684 539.655263157895 559.176315789474 586.958684210527 430.557855333521 379.847368421053 408.663157894737 429.652631578947 451.547368421053 486.364736842105
0.0017 2.5e-07 0.01 0.01333 0.001 529.78947368421 506.317894736842 507.631578947368 537.436842105263 544.010526315789 551.905263157895 435.81052631579 399.347631578947 417.480263157894 440.457894736842 456.235526315789 470.517368421053
0.0017 2.5e-07 0.01 0.01333 0.01 540.771556550952 493.016315789474 519.015789473684 538.252631578947 566 595.255789473685 423.489380530974 374.781052631579 396.668421052632 427.226315789474 445.126315789474 473.708421052631
0.0017 2.5e-07 0.01 0.01333 0.1 540.3026866329 489.149473684211 521.428947368421 539.660526315789 558.303947368421 588.603421052631 427.069589783282 370.60447368421 404.86052631579 427.163157894737 449.756578947368 480.822105263158
0.0017 2.5e-07 0.01 0.01333 0.5 540.636177618395 493.887368421052 520.563157894737 540.234210526316 561.175 586.510789473684 429.487952631579 376.450526315789 408.521052631579 428.831578947368 451.25 480.655
0.0017 2.5e-07 0.5 0.01333 0.001 533.97990430622 505.065789473684 519.405263157895 535.81052631579 548.702631578948 557.18947368421 433.047091412742 397.626315789474 412.684210526316 430.373684210526 455.228947368421 474.070526315789
0.0017 2.5e-07 0.5 0.01333 0.01 536.333447524136 490.769473684211 519.305263157895 536.421052631579 554.863157894737 585.786315789474 426.782041642568 366.325263157894 400.813157894737 428.168421052632 448.967105263158 487.066578947368
0.0017 2.5e-07 0.5 0.01333 0.1 538.584826427772 488.243421052632 518.286842105263 539.128947368421 559.256578947368 586.446052631579 423.483061173219 365.822368421052 402.828947368421 425.536842105264 445.622368421053 475.023421052632
0.0017 2.5e-07 0.5 0.01333 0.5 535.733563157895 485.595 515.805263157895 535.034210526316 555.753947368421 585.338947368421 425.590279753438 368.327368421053 403.176315789474 427.068421052632 448.665789473685 477.872105263158
0.0017 2.5e-07 0.01 0.02667 0.001 533.871929824562 504.668421052632 531.863157894737 535.889473684211 539.905263157895 557.978947368421 436.605847953216 391.276315789474 415.678947368421 436.697368421052 457.194736842105 474.107894736842
0.0017 2.5e-07 0.01 0.02667 0.01 539.354434030281 488.238947368421 519.668421052632 537 560.221052631579 590.224210526316 424.943452834986 366.642631578947 404.086842105263 426.136842105263 448.965789473684 475.377368421052
0.0017 2.5e-07 0.01 0.02667 0.1 536.625853539859 488.982105263158 514.984210526316 536.542105263158 555.794736842105 586.288421052631 423.199450902506 365.205263157895 400.447368421053 424.978947368421 446.421052631579 478.731578947368
0.0017 2.5e-07 0.01 0.02667 0.5 537.16332631579 487.736578947368 516.788157894737 536.544736842106 558.507894736842 584.858421052631 424.539973684211 365.947368421052 401.878947368421 425.128947368421 447.669736842105 479.755
0.0017 2.5e-07 0.5 0.02667 0.001 524.17485380117 471.577894736842 497.95 520.384210526316 546.43947368421 581.31947368421 424.862807017544 352.388157894737 403.153947368421 428.473684210526 457.58947368421 472.446315789474
0.0017 2.5e-07 0.5 0.02667 0.01 527.94840785349 477.595789473684 507.355263157895 527.342105263158 548.773684210526 576.975789473685 416.456723363286 350.981842105263 393.706578947368 418.336842105263 441.481578947368 468.682894736842
0.0017 2.5e-07 0.5 0.02667 0.1 530.115531423042 478.382105263158 509.363157894737 530.426315789474 551.715789473684 579.900526315789 414.981193053918 356.550789473684 391.330263157895 416.436842105263 438.942105263158 471.436315789474
0.0017 2.5e-07 0.5 0.02667 0.5 529.959936842105 477.73552631579 509.78552631579 530.394736842105 550.721052631579 579.793157894737 415.294278947368 358.689210526315 392.323684210526 415.515789473684 438.696052631579 471.498947368422
0.0017 2.5e-07 0.01 0.05333 0.001 530.581339712919 491.236842105263 514.442105263158 533.505263157895 548.584210526315 565.805263157895 416.901973684211 351.91947368421 393.352631578948 411.326315789473 447.126315789474 466.172894736843
0.0017 2.5e-07 0.01 0.05333 0.01 529.81052631579 485.222105263158 507.342105263158 530.563157894737 553.81052631579 578.021052631579 417.330379139338 356.054736842105 392.178947368421 417.331578947368 442.789473684211 477.388421052632
0.0017 2.5e-07 0.01 0.05333 0.1 534.344965959675 484.587894736842 513.015789473684 534.976315789474 555.360526315789 582.75947368421 416.162895539969 357.548947368421 393.186842105263 416.373684210526 439.736842105263 474.63
0.0017 2.5e-07 0.01 0.05333 0.5 534.662805263158 486.120263157894 514.285526315789 535.436842105263 554.718421052631 581.021842105263 417.242521052632 359.872105263158 392.798684210526 417.721052631579 441.271052631579 471.932368421053
0.0017 2.5e-07 0.5 0.05333 0.001 528.662513426423 477.648421052631 509.136842105263 527.315789473684 544.721052631579 579.197894736842 388.982179132041 332.92947368421 360.421052631579 383.068421052632 417.221052631579 444.864210526316
0.0017 2.5e-07 0.5 0.05333 0.01 519.181683021112 467.210526315789 497.510526315789 518.584210526316 541.557894736842 571.134210526316 401.600468067402 343.36052631579 374.384210526316 402.7 427.78947368421 460.292105263158
0.0017 2.5e-07 0.5 0.05333 0.1 519.474252631579 467.572894736842 497.944736842105 519.194736842105 540.398684210526 573.68552631579 400.821021021021 343.502631578947 375.66052631579 399.910526315789 424.744736842105 460.235263157895
0.0017 2.5e-07 0.5 0.05333 0.5 518.541726315789 467.256315789474 497.788157894737 519.284210526316 539.513157894737 571.430789473684 402.691826315789 339.498947368421 377.896052631579 405.247368421052 429.215789473684 460.766842105263
0.0017 2.5e-07 0.01 0.0667 0.001 531.474561403509 494.249210526316 505.122368421053 526.602631578947 557.527631578948 573.86947368421 418.542375168691 366.588947368421 391.844736842105 413.505263157895 448.971052631579 476.674736842105
0.0017 2.5e-07 0.01 0.0667 0.01 530.796842105263 488.695 508.073684210526 532.381578947369 551.367105263158 573.369473684211 415.304397068621 349.776842105263 391.271052631579 415.821052631579 440.528947368421 474.367368421052
0.0017 2.5e-07 0.01 0.0667 0.1 531.435682738314 483.408947368421 510.727631578948 531.197368421052 551.610526315789 580.313947368421 413.449981486379 356.272631578947 389.223684210526 413.257894736842 436.718421052631 472.454210526316
0.0017 2.5e-07 0.01 0.0667 0.5 533.727894736842 485.477368421053 513.498684210526 533.844736842105 553.269736842105 582.616842105263 414.407873684211 356.337368421053 391.463157894737 415.205263157894 440.159210526316 469.330263157895
0.0017 2.5e-07 0.5 0.0667 0.001 515.469801553063 448.626315789474 492.636842105263 516.110526315789 535.5 567.257894736842 399.786842105263 335.761842105263 379.997368421053 404.436842105263 426.707894736842 454.772368421052
0.0017 2.5e-07 0.5 0.0667 0.01 512.688986515876 461.921052631579 490.405263157895 514.878947368421 533.721052631579 562.476842105263 395.685367165785 332.998421052631 372.142105263158 396.284210526316 420.778947368421 455.232105263158
0.0017 2.5e-07 0.5 0.0667 0.1 515.492405263158 465.66 494.618421052632 515.481578947368 537.830263157895 566.028421052632 396.067863157895 336.62052631579 371.277631578947 395.889473684211 419.459210526315 454.086578947368
0.0017 2.5e-07 0.5 0.0667 0.5 516.310805263158 465.062894736842 494.694736842105 516.944736842105 537.984210526316 568.197105263158 395.399252631579 332.697894736842 371.928947368421 394.863157894737 419.482894736842 454.790789473684
0.0017 2.5e-07 0.01 0.1334 0.001 532.371428571429 485.873684210526 517.193421052632 530.526315789474 553.569736842105 577.740526315789 399.071809661139 336.151578947368 376.231578947368 401 422.173684210526 450.308421052632
0.0017 2.5e-07 0.01 0.1334 0.01 528.116562592923 476.572631578947 510.573684210526 527.542105263158 549.473684210526 573.030526315789 395.668789645123 339.022894736842 369.706578947368 395.486842105264 418.622368421053 454.701578947368
0.0017 2.5e-07 0.01 0.1334 0.1 527.281096263976 474.957894736842 506.457894736842 528.889473684211 547.557894736842 577.047368421052 400.045763157895 339.367368421052 375.036842105264 400.397368421053 424.352631578947 461.067368421053
0.0017 2.5e-07 0.01 0.1334 0.5 528.190457894737 476.376578947369 508.857894736842 527.428947368421 547.806578947368 580.178421052632 397.575915789474 338.128421052632 372.260526315789 399.155263157895 421.232894736842 456.672631578948
0.0017 2.5e-07 0.5 0.1334 0.001 496.948921484038 447.168684210526 475.523684210526 499.018421052632 518.273684210526 550.772368421053 376.804436711614 313.152631578947 347.4 376.136842105263 404.989473684211 438.605263157895
0.0017 2.5e-07 0.5 0.1334 0.01 494.861837297263 439.226315789474 473.5 495.268421052632 517.247368421053 548.284210526316 369.519220319707 305.915789473684 340.142105263158 370.868421052632 395.426315789474 434.502105263158
0.0017 2.5e-07 0.5 0.1334 0.1 495.742252631579 439.969210526316 474.043421052632 495.955263157894 517.106578947368 552.850789473684 369.769652631579 310.445 343.174999999999 370.144736842105 394.525 432.447631578947
0.0017 2.5e-07 0.5 0.1334 0.5 495.062231578947 440.869210526315 470.818421052631 495.634210526316 519.206578947369 547.956315789474 373.084368421053 307.58052631579 346.28947368421 372.976315789474 398.875 437.656315789473
0.0034 2.5e-07 0.01 0 0.001 533.204605263158 470.571315789474 493.047368421053 548.534210526316 566.160526315789 582.147368421053 441.676315789474 409.482894736842 427.667105263158 447.997368421052 458.009210526316 464.946052631579
0.0034 2.5e-07 0.01 0 0.01 548.586215538847 511.696578947368 530.184210526316 550.881578947369 567.826315789474 596.838684210526 425.935477582846 382.903684210526 412.731578947368 426.426315789474 447.702631578947 470.575789473684
0.0034 2.5e-07 0.01 0 0.1 551.771406127258 500.336578947368 534.015789473684 552.41052631579 570.157894736842 599.820789473684 439.099385964912 395.775 418.015789473685 436.231578947368 460.169736842105 490.649736842105
0.0034 2.5e-07 0.01 0 0.5 547.745538057743 504.417105263158 528.944736842105 546.836842105263 565.378947368421 594.148947368421 440.120025466893 388.477105263158 420.538157894737 441.25 460.190789473684 491.882894736843
0.0034 2.5e-07 0.5 0 0.001 533.204605263158 470.571315789474 493.047368421053 548.534210526316 566.160526315789 582.147368421053 441.676315789474 409.482894736842 427.667105263158 447.997368421052 458.009210526316 464.946052631579
0.0034 2.5e-07 0.5 0 0.01 548.586215538847 511.696578947368 530.184210526316 550.881578947369 567.826315789474 596.838684210526 425.935477582846 382.903684210526 412.731578947368 426.426315789474 447.702631578947 470.575789473684
0.0034 2.5e-07 0.5 0 0.1 551.771406127258 500.336578947368 534.015789473684 552.41052631579 570.157894736842 599.820789473684 439.099385964912 395.775 418.015789473685 436.231578947368 460.169736842105 490.649736842105
0.0034 2.5e-07 0.5 0 0.5 547.745538057743 504.417105263158 528.944736842105 546.836842105263 565.378947368421 594.148947368421 440.120025466893 388.477105263158 420.538157894737 441.25 460.190789473684 491.882894736843
0.0034 2.5e-07 0.01 0.0067 0.001 550.773684210526 527.035789473684 535.115789473684 540.815789473684 569.063157894737 580.898947368421 447.397744360902 411.951052631579 429.168421052632 448.4 467.373684210527 479.661052631579
0.0034 2.5e-07 0.01 0.0067 0.01 544.380263157895 491.133947368421 531.65 546.873684210526 564.785526315789 586.983421052631 429.782535885167 382.722894736842 411.06052631579 431.242105263157 451.607894736842 472.496578947369
0.0034 2.5e-07 0.01 0.0067 0.1 549.724983755685 505.091315789474 530.230263157895 549.436842105263 566.565789473684 593.59 441.201928485335 391.01052631579 422.005263157895 440.484210526316 460.115789473684 493.466315789473
0.0034 2.5e-07 0.01 0.0067 0.5 547.615505761102 503.2 528.742105263158 547.784210526316 565.342105263158 593.193684210526 438.826599143908 386.317894736842 418.668421052632 439.352631578947 461.605263157895 489.050526315789
0.0034 2.5e-07 0.5 0.0067 0.001 554.280263157895 521.680789473684 540.628947368421 549.555263157895 558.217105263158 602.28947368421 449.432748538012 414.707368421053 432.936842105263 465.268421052632 466.736842105263 469.114736842105
0.0034 2.5e-07 0.5 0.0067 0.01 547.824436090226 501.171578947369 532.672368421053 545.81052631579 568.696052631579 592.982631578947 437.642424242424 393.944736842105 415.011842105263 436.094736842105 454.075 481.060526315789
0.0034 2.5e-07 0.5 0.0067 0.1 549.035203680844 499.698947368421 531.705263157895 549.178947368421 568.821052631579 593.751578947369 439.250405701754 388.539210526316 419.738157894737 438.360526315789 459.51447368421 489.976315789474
0.0034 2.5e-07 0.5 0.0067 0.5 548.363504851514 501.820526315789 529.376315789474 548.278947368421 567.192105263158 595.716315789473 438.896953857246 387.363157894737 418.742105263158 440.197368421052 459.146052631579 485.732894736842
0.0034 2.5e-07 0.01 0.01333 0.001 558.998245614035 482.417105263158 546.194736842105 576.726315789474 593.765789473684 600.253947368421 440.907287449393 386.488421052631 433.036842105263 445.789473684211 456.084210526316 476.131578947368
0.0034 2.5e-07 0.01 0.01333 0.01 542.739312567132 491.444210526316 526.863157894737 543.347368421053 562.921052631579 587.697894736842 433.99245082403 388.087894736842 411.505263157895 434.026315789474 455.636842105263 487.152631578948
0.0034 2.5e-07 0.01 0.01333 0.1 547.543127004871 505.520526315789 529.610526315789 547.08947368421 565.936842105263 588.03947368421 435.418037028054 385.536842105263 414.56052631579 435.463157894737 456.076315789473 483.38947368421
0.0034 2.5e-07 0.01 0.01333 0.5 547.421869694397 502.153947368421 529.306578947368 547.686842105263 566.280263157895 594.325526315789 436.306593464604 388.463157894737 415.805263157895 435.942105263158 455.678947368421 486.128421052631
0.0034 2.5e-07 0.5 0.01333 0.001 542.163157894737 495.110789473684 524.45 552.757894736842 565.273684210526 571.772894736842 442.204155124654 390.107368421053 428.986842105263 441.794736842105 463.652631578947 479.673684210526
0.0034 2.5e-07 0.5 0.01333 0.01 548.14950120399 507.182105263158 530.584210526316 549.147368421053 564.847368421053 588.718947368421 438.101863354037 386.005263157895 418.552631578947 438.947368421053 459.457894736842 490.631578947368
0.0034 2.5e-07 0.5 0.01333 0.1 545.779209853278 498.887894736842 526.048684210527 546.013157894737 565.306578947368 592.42947368421 436.236690978382 388.263157894737 415.105263157895 437.057894736842 456.210526315789 485.589473684211
0.0034 2.5e-07 0.5 0.01333 0.5 545.693847294292 499.06 526.673684210526 545.221052631579 563.528947368421 591.246578947369 436.13689516129 383.230526315789 414.781578947369 435.555263157895 456.701315789474 487.028684210526
0.0034 2.5e-07 0.01 0.02667 0.001 537.037719298246 460.657894736842 534.359210526316 552.026315789474 569.381578947368 576.153947368421 438.489783281734 400.363157894736 406.521052631579 439.705263157895 455.752631578947 473.511578947369
0.0034 2.5e-07 0.01 0.02667 0.01 538.636625811103 495.267368421052 524.621052631579 542.994736842105 554.478947368421 577.293684210526 432.703026315789 383.028684210527 413.51052631579 430.818421052631 454.851315789474 486.987894736842
0.0034 2.5e-07 0.01 0.02667 0.1 542.699496348527 494.72052631579 523.255263157894 541.705263157895 561.913157894737 587.833684210526 433.354671424323 379.803157894737 412.910526315789 433.163157894737 453.089473684211 485.746315789474
0.0034 2.5e-07 0.01 0.02667 0.5 544.288778947368 499.401578947369 525.65 544.013157894737 562.303947368421 590.349736842105 434.241842105263 381.975789473684 413.149999999999 435.56052631579 454.251315789474 485.283157894737
0.0034 2.5e-07 0.5 0.02667 0.001 542.907157894737 509.824210526316 529.326315789474 543.952631578947 560.7 579.3 433.477052631579 383.522105263158 410.557894736842 430.836842105263 464.642105263158 477.541052631579
0.0034 2.5e-07 0.5 0.02667 0.01 542.553817878028 498.566842105263 522.905263157895 542.768421052632 561.936842105263 588.272631578948 433.516474519632 381.98052631579 409.997368421052 430.978947368421 455.710526315789 487.867368421052
0.0034 2.5e-07 0.5 0.02667 0.1 541.821246764452 497.788157894737 523.217105263158 541.034210526316 559.984210526316 587.942105263157 428.906721231503 378.897368421053 408.347368421052 428.684210526316 449.073684210526 480.05
0.0034 2.5e-07 0.5 0.02667 0.5 541.869368421053 496.433157894737 521.273684210526 541.023684210526 561.593421052631 588.683157894736 431.325284210526 383.567105263158 411.043421052631 430.778947368421 451.226315789474 482.068684210527
0.0034 2.5e-07 0.01 0.05333 0.001 548.870394736842 514.916315789473 528.697368421052 557.43947368421 569.056578947369 571.962631578947 430.331069609508 368.063157894737 410.581578947368 432.842105263158 457.021052631579 476.305263157895
0.0034 2.5e-07 0.01 0.05333 0.01 538.081701918347 488.061578947368 517.157894736842 540.978947368421 561.734210526316 584.962631578948 426.578374940372 377.565789473685 403.634210526315 425.736842105263 449.273684210527 479.763157894737
0.0034 2.5e-07 0.01 0.05333 0.1 541.034118190212 494.711052631579 522.271052631579 541.036842105263 560.585526315789 586.438157894737 429.781901181525 378.991842105263 409.372368421053 430.071052631579 451.948684210526 483.486052631579
0.0034 2.5e-07 0.01 0.05333 0.5 541.246105263158 492.008947368421 522.009210526316 543.318421052631 560.234210526316 589.433947368421 429.626184210526 377.969736842105 408.739473684211 427.813157894736 449.973684210526 484.969736842106
0.0034 2.5e-07 0.5 0.05333 0.001 533.79133126935 489.526315789474 511.847368421053 524.452631578947 559.065789473684 584.213157894736 429.558818097876 378.204210526315 409.505263157895 432.010526315789 447.905263157895 479.384210526316
0.0034 2.5e-07 0.5 0.05333 0.01 533.398125313283 485.625263157895 515.257894736842 532.642105263158 552.894736842105 581.055789473685 420.509521342727 364.926052631579 399.163157894737 420.926315789474 443.343421052632 471.381842105263
0.0034 2.5e-07 0.5 0.05333 0.1 534.530656972762 487.244736842106 514.936842105263 534.584210526316 553.971052631579 581.976315789474 421.450724408619 367.491578947369 398.681578947369 420.610526315789 443.047368421053 475.913157894737
0.0034 2.5e-07 0.5 0.05333 0.5 535.289984210526 487.11 515.290789473684 535.25 554.614473684211 585.114736842105 421.924521052632 369.403947368421 400.811842105263 421.873684210526 443.202631578947 474.522894736842
0.0034 2.5e-07 0.01 0.0667 0.001 552.597076023392 522.703157894737 551.094736842105 552.763157894737 562.978947368421 573.033684210526 426.658587257618 373.260526315789 401.307894736842 434.002631578948 449.148684210526 480.118947368421
0.0034 2.5e-07 0.01 0.0667 0.01 539.928453947368 498.775789473684 522.984210526316 539.778947368422 555.110526315789 588.784473684211 422.0575385833 369.076315789473 400.894736842105 420.115789473684 446.097368421052 473.550526315789
0.0034 2.5e-07 0.01 0.0667 0.1 539.491604591525 489.736842105263 521.736842105264 538.742105263158 560.153947368421 587.626842105263 425.745660016978 373.071315789473 403.727631578947 424.289473684211 448.763157894737 480.271315789474
0.0034 2.5e-07 0.01 0.0667 0.5 537.432778947368 491.231578947368 517.672368421052 537.56052631579 557.244736842105 584.979736842105 429.177957894737 376.141052631579 407.622368421052 429.210526315789 450.525 484.125
0.0034 2.5e-07 0.5 0.0667 0.001 526.798930921053 470.217894736842 503.202631578947 535.271052631579 545.960526315789 570.982368421052 418.344453441296 367.206315789474 399.405263157895 420.605263157895 446.552631578947 475.221052631579
0.0034 2.5e-07 0.5 0.0667 0.01 528.439763067462 483.461315789473 509.240789473684 528.726315789474 548.843421052631 577.678947368421 414.928777300394 363.731052631579 392.505263157895 412.878947368421 438.764473684211 471.672105263158
0.0034 2.5e-07 0.5 0.0667 0.1 532.033694736842 483.253684210526 512.981578947368 531.231578947368 551.509210526316 580.591842105263 414.816189874085 356.543157894737 392.371052631579 416.18947368421 438.886842105263 470.285263157895
0.0034 2.5e-07 0.5 0.0667 0.5 531.594042105263 482.280263157894 512.396052631579 532.884210526316 551.292105263158 578.563157894737 419.120368421053 363.115789473684 396.732894736842 421.292105263158 442.532894736843 474.737631578947
0.0034 2.5e-07 0.01 0.1334 0.001 539.030263157895 507.573157894736 517.152631578947 543.921052631579 551.615789473684 573.858947368421 420.83677000721 360.107368421053 393.957894736842 424.610526315789 450.173684210526 472.264210526316
0.0034 2.5e-07 0.01 0.1334 0.01 526.988477951636 480.788421052632 509.557894736842 528.263157894737 544.394736842105 567.928421052632 416.722875481386 363.848947368421 395.368421052631 416.9 439.513157894737 469.13
0.0034 2.5e-07 0.01 0.1334 0.1 529.788763488218 481.017105263158 510.784210526316 530.936842105263 549.372368421053 575.844736842105 418.376594736842 362.642894736842 392.93947368421 418.257894736842 442.780263157895 475.566578947369
0.0034 2.5e-07 0.01 0.1334 0.5 532.102931578947 483.495263157895 512.681578947369 532.294736842105 551.436842105263 580.751578947369 417.930178947368 360.796315789474 392.101315789474 416.452631578947 444.656578947368 475.816052631578
0.0034 2.5e-07 0.5 0.1334 0.001 514.429268292683 467.386315789473 493.51052631579 513.826315789474 537.35 562.407894736842 398.005691056911 343.821052631579 374.502631578948 397.526315789474 422.378947368421 462.826842105264
0.0034 2.5e-07 0.5 0.1334 0.01 517.869379167476 468.777894736842 496.615789473684 518.194736842105 538.847368421053 565.868421052632 395.534638630068 335.026315789473 370.742105263158 396.01052631579 417.928947368421 453.936842105264
0.0034 2.5e-07 0.5 0.1334 0.1 519.116094736842 464.338947368421 498.940789473684 520.152631578947 539.332894736842 568.264736842105 399.359163157895 338.13 374.771052631579 399.668421052632 423.368421052631 460.063684210526
0.0034 2.5e-07 0.5 0.1334 0.5 519.722184210526 467.844736842105 498.517105263157 519.881578947369 541.347368421053 572.156315789474 399.600931578947 337.067368421053 374.492105263158 400.428947368421 424.48552631579 459.918684210526
