m rec h chrm s f pfix mtfix pkeep fstall fstcb meangen_p1all meangen_p2all meangen_p1cb meangen_2cb
0 2.5e-07 0.01 D 0 0.001 0 NA 0 0.001 NA 0.000176829985135 0.000857906661195 NA NA
0 2.5e-07 0.01 H 0 0.001 1 NA 0.005 0.00355118647161269 NA 0.00233044671292 0.00055116665258 0.416723342147 1.33333e-06
0 2.5e-07 0.01 D 0 0.01 0 NA 0.017 0.0155410977198215 0.281079510302845 0.00829698670594 0.010977896673975 0.271183534479412 0.00747784225617647
0 2.5e-07 0.01 H 0 0.01 2 NA 0.021 0.0170429359581763 0.38701302924591 0.00996823329449 0.00955336666069 0.341211588359524 0.0022849209202381
0 2.5e-07 0.01 D 0 0.1 37 1553.78378378378 0.19 0.15835150092354 0.473386334880896 0.105094217183825 0.098754893934895 0.426946913437895 0.0925075447391053
0 2.5e-07 0.01 H 0 0.1 25 1579.6 0.172 0.151858990023776 0.441254011621098 0.101959676555555 0.113590944102415 0.419660930789535 0.114709768273983
0 2.5e-07 0.01 D 0 0.5 94 1408.51063829787 0.723 0.394312062025205 0.364905654557557 0.511357844068065 0.48883487966836 0.645409705916923 0.481281493778264
0 2.5e-07 0.01 H 0 0.5 86 1411.97674418605 0.682 0.395452940057705 0.368945046042738 0.49674729667137 0.49688686650611 0.651099643530696 0.495771661506298
0 2.5e-07 0.5 D 0 0.001 0 NA 0 0.001 NA 0.000176829985135 0.000857906661195 NA NA
0 2.5e-07 0.5 H 0 0.001 1 NA 0.005 0.00355118647161269 NA 0.00233044671292 0.00055116665258 0.416723342147 1.33333e-06
0 2.5e-07 0.5 D 0 0.01 0 NA 0.017 0.0155410977198215 0.281079510302845 0.00829698670594 0.010977896673975 0.271183534479412 0.00747784225617647
0 2.5e-07 0.5 H 0 0.01 2 NA 0.021 0.0170429359581763 0.38701302924591 0.00996823329449 0.00955336666069 0.341211588359524 0.0022849209202381
0 2.5e-07 0.5 D 0 0.1 37 1553.78378378378 0.19 0.15835150092354 0.473386334880896 0.105094217183825 0.098754893934895 0.0946840714507105 0.115629649725053
0 2.5e-07 0.5 H 0 0.1 25 1579.6 0.172 0.151858990023776 0.441254011621098 0.101959676555555 0.113590944102415 0.108616027079535 0.115315388248052
0 2.5e-07 0.5 D 0 0.5 94 1408.51063829787 0.723 0.394312062025205 0.364905654557557 0.511357844068065 0.48883487966836 0.512956981049723 0.480408731935256
0 2.5e-07 0.5 H 0 0.5 86 1411.97674418605 0.682 0.395452940057705 0.368945046042738 0.49674729667137 0.49688686650611 0.491298963962529 0.506137795505271
0 2.5e-07 0.01 D 0.0067 0.001 0 NA 0 1e-04 NA 0.000266283328135 0.000279729989345 NA NA
0 2.5e-07 0.01 H 0.0067 0.001 9 NA 0.00900000000000001 0.009 NA 0.006353503368885 0.000134666681345 0.692158891902222 2.59258888888889e-06
0 2.5e-07 0.01 D 0.0067 0.01 30 1437 0.038 0.0350538386192903 0.890459828386675 0.023355129997915 0.00567674655314 0.564146579802632 0.00263973640644737
0 2.5e-07 0.01 H 0.0067 0.01 78 1316.28205128205 0.087 0.0852503259608858 0.979725996475253 0.055622046838055 0.0020875232513 0.623115097155747 0.00114168593885057
0 2.5e-07 0.01 D 0.0067 0.1 311 1283.58974358974 0.37 0.353630256252586 0.945593239423388 0.257598640011905 0.042268753772975 0.663660062762838 0.0416576394008919
0 2.5e-07 0.01 H 0.0067 0.1 537 1127.62523191095 0.578 0.566916077062146 0.980756057310413 0.424716756675065 0.0220849268784 0.722294757639187 0.0215364533946194
0 2.5e-07 0.01 D 0.0067 0.5 779 1151.47435897436 0.989 0.929497616319063 0.93957000038722 0.89586222692875 0.166707589220735 0.904738584658241 0.166849965563615
0 2.5e-07 0.01 H 0.0067 0.5 957 966.441207075963 0.998 0.989085716425346 0.991067852129605 0.9200629896622 0.10557003336972 0.921711455891784 0.105614134969559
0 2.5e-07 0.5 D 0.0067 0.001 4 NA 0.00600000000000001 0.00524933929028617 NA 0.003145003330065 6.7546678385e-05 0.51404333225 0
0 2.5e-07 0.5 H 0.0067 0.001 12 1267.5 0.012 0.012 1 0.008089846536 4.9156666775e-05 0.667581933726667 1.94444166666667e-06
0 2.5e-07 0.5 D 0.0067 0.01 70 1420 0.092 0.0881356194877213 0.957966801006581 0.05656091311565 0.00174260666279 0.596447969107989 0.0023280794488587
0 2.5e-07 0.5 H 0.0067 0.01 119 1319.24369747899 0.128 0.125520172879105 0.980552746851415 0.08593752320141 0.00139578337691 0.663108254132031 0.000787239621601563
0 2.5e-07 0.5 D 0.0067 0.1 540 1310.59040590406 0.661 0.624161173866731 0.944203360059244 0.44790820620296 0.01951692007405 0.443881068663109 0.0212102622826324
0 2.5e-07 0.5 H 0.0067 0.1 696 1165.97421203438 0.742 0.730774038711104 0.984870672117391 0.545090716656435 0.014099783280755 0.547138903642069 0.0140675649629582
0 2.5e-07 0.5 D 0.0067 0.5 917 1099.86928104575 0.996 0.968903277513693 0.972794455335033 0.875869363148685 0.122908332875685 0.875650803030808 0.122943547018609
0 2.5e-07 0.5 H 0.0067 0.5 981 925.370558375635 1 0.995770631333747 0.995770631333747 0.911128263265 0.08725289608693 0.911128263265 0.08725289608693
0 2.5e-07 0.01 D 0.01333 0.001 2 NA 0.002 0.002 NA 0.001249110017635 0.00024462002643 0.5871416765 0
0 2.5e-07 0.01 H 0.01333 0.001 15 913.333333333333 0.015 0.015 1 0.011206656676985 6.9020001775e-05 0.743280666710333 1.99999666666667e-06
0 2.5e-07 0.01 D 0.01333 0.01 54 1075.37037037037 0.055 0.0546546403323903 0.982883175269695 0.03865404994079 0.00373134344981 0.677710604858182 0.00281490900972727
0 2.5e-07 0.01 H 0.01333 0.01 141 868.86524822695 0.141 0.141 1 0.108353649779655 0.001047943325095 0.76286806005 0.000819432645780142
0 2.5e-07 0.01 D 0.01333 0.1 467 952.948717948718 0.49 0.482898523989973 0.98410255198409 0.381013276342175 0.028304603581805 0.764747291798571 0.0285804152907551
0 2.5e-07 0.01 H 0.01333 0.1 787 727.325728770596 0.79 0.789808004212328 0.999756967357377 0.661659356793605 0.010313630027905 0.835019190030823 0.0102946413272595
0 2.5e-07 0.01 D 0.01333 0.5 954 911.591623036649 1 0.991737502830662 0.991737502830662 0.957300679425 0.09457661945288 0.957300679425 0.09457661945288
0 2.5e-07 0.01 H 0.01333 0.5 997 621.86 1 0.999972316670081 0.999972316670081 0.96443949926 0.05288869316847 0.96443949926 0.05288869316847
0 2.5e-07 0.5 D 0.01333 0.001 12 1005 0.012 0.012 1 0.009014569983245 4.0156665835e-05 0.746115832075 8.58333208333333e-05
0 2.5e-07 0.5 H 0.01333 0.001 22 866.818181818182 0.022 0.022 1 0.0174001767112 3.7806666195e-05 0.789502577699545 1.51514931818182e-06
0 2.5e-07 0.5 D 0.01333 0.01 180 1069.22222222222 0.18 0.18 1 0.133769149646055 0.00091477000509 0.739219331396111 0.00110688881058333
0 2.5e-07 0.5 H 0.01333 0.01 230 867.217391304348 0.23 0.23 1 0.183119476940715 0.00059820001052 0.794248928600652 0.000544623198152174
0 2.5e-07 0.5 D 0.01333 0.1 851 896.112412177986 0.856 0.855635079052085 0.999573690481408 0.697429450102185 0.008609833372905 0.698942667324194 0.00855351637613902
0 2.5e-07 0.5 H 0.01333 0.1 928 732.182795698925 0.93 0.929992023033157 0.999991422616298 0.795009036615815 0.006456630087095 0.793003867351108 0.0064511183798871
0 2.5e-07 0.5 D 0.01333 0.5 997 679.759519038076 1 0.999885327540395 0.999885327540395 0.943999839335 0.054916699822745 0.943999839335 0.054916699822745
0 2.5e-07 0.5 H 0.01333 0.5 996 550.41 1 0.999900337855177 0.999900337855177 0.957971246695 0.041337856843135 0.957971246695 0.041337856843135
0 2.5e-07 0.01 D 0.02667 0.001 4 NA 0.004 0.004 NA 0.0028963399955 0.00027000001773 0.71575333145 0
0 2.5e-07 0.01 H 0.02667 0.001 24 558.333333333333 0.024 0.024 1 0.020169423362715 4.5530001245e-05 0.839182084574583 1.388886875e-06
0 2.5e-07 0.01 D 0.02667 0.01 77 737.792207792208 0.077 0.077 1 0.060315106698665 0.00201347659671 0.77287826864461 0.00217458881201299
0 2.5e-07 0.01 H 0.02667 0.01 246 524.430894308943 0.246 0.246 1 0.21019541668591 0.00056279669169 0.853035542049939 0.00049658540703252
0 2.5e-07 0.01 D 0.02667 0.1 636 654.247648902821 0.638 0.637923858074474 0.999880655289144 0.545157610119025 0.01707659010973 0.849549268667712 0.0171918915356975
0 2.5e-07 0.01 H 0.02667 0.1 953 409.361256544503 0.955 0.954992023033157 0.999991647155138 0.87169724637729 0.00527497336391 0.91256787754288 0.00527179408484817
0 2.5e-07 0.01 D 0.02667 0.5 990 669.747729566095 1 0.998559141949708 0.998559141949708 0.98013780978 0.052905310144325 0.98013780978 0.052905310144325
0 2.5e-07 0.01 H 0.02667 0.5 998 371.34 1 0.99999733377837 0.99999733377837 0.98319746298 0.026177120175415 0.98319746298 0.026177120175415
0 2.5e-07 0.5 D 0.02667 0.001 21 628.095238095238 0.021 0.021 1 0.01796363333233 2.747667027e-05 0.854121428599286 1.11111166666667e-05
0 2.5e-07 0.5 H 0.02667 0.001 37 542.162162162162 0.037 0.037 1 0.032089969965625 2.447999726e-05 0.866921891003784 1.71170959459459e-06
0 2.5e-07 0.5 D 0.02667 0.01 333 656.426426426426 0.333 0.333 1 0.2821378432199 0.00038937334683 0.846553403043454 0.000411821841441441
0 2.5e-07 0.5 H 0.02667 0.01 408 508.725490196078 0.408 0.408 1 0.359224216686605 0.00029937000397 0.880075678140735 0.000352516339276961
0 2.5e-07 0.5 D 0.02667 0.1 977 518.110316649643 0.979 0.978912647083975 0.999910773323774 0.88539281584442 0.004209396812795 0.885008364906456 0.0041997720249285
0 2.5e-07 0.5 H 0.02667 0.1 991 402.26586102719 0.993 0.992992023033157 0.999991966800762 0.923828569764185 0.00310364664608 0.923741389475514 0.00309376634975831
0 2.5e-07 0.5 D 0.02667 0.5 999 389.62 1 0.999996007984032 0.999996007984032 0.97310817271 0.026797163396305 0.97310817271 0.026797163396305
0 2.5e-07 0.5 H 0.02667 0.5 997 314.33 1 0.999996000667555 0.999996000667555 0.979848552855 0.0201982600234 0.979848552855 0.0201982600234
0 2.5e-07 0.01 D 0.05333 0.001 4 NA 0.004 0.004 NA 0.00354835334425 0.000110976664715 0.87863500195 0
0 2.5e-07 0.01 H 0.05333 0.001 40 309.25 0.04 0.04 1 0.036450229989565 1.9070000355e-05 0.9108070830285 1.1250002625e-05
0 2.5e-07 0.01 D 0.05333 0.01 110 485 0.11 0.11 1 0.09353618660124 0.0015739199821 0.844719484062455 0.00159233313181818
0 2.5e-07 0.01 H 0.05333 0.01 419 316.904761904762 0.42 0.419986754309022 0.999968462640528 0.38199188008333 0.000285780004515 0.909211293838619 0.000299611127166667
0 2.5e-07 0.01 D 0.05333 0.1 815 439.926470588235 0.816 0.815986754309022 0.999983767535566 0.74151042641652 0.010837100156775 0.907369783151593 0.0109102371610417
0 2.5e-07 0.01 H 0.05333 0.1 996 224.784353059178 0.997 0.996998666889185 0.999998662877818 0.95519798670815 0.00263714001456 0.958061772021715 0.0026352089740321
0 2.5e-07 0.01 D 0.05333 0.5 999 480.9 1 0.999996007984032 0.999996007984032 0.9903794731 0.02956882351912 0.9903794731 0.02956882351912
0 2.5e-07 0.01 H 0.05333 0.5 998 223.09 1 0.99999733377837 0.99999733377837 0.99178718948 0.013100720128255 0.99178718948 0.013100720128255
0 2.5e-07 0.5 D 0.05333 0.001 43 382.093023255814 0.043 0.043 1 0.039165566643845 1.197666581e-05 0.910644573111744 5.03875627906977e-06
0 2.5e-07 0.5 H 0.05333 0.001 69 297.246376811594 0.069 0.069 1 0.06399118669718 9.436665965e-06 0.927309807219275 7.29468782608696e-06
0 2.5e-07 0.5 D 0.05333 0.01 547 368.939670932358 0.547 0.547 1 0.500706666424195 0.00019236333567 0.915231230512102 0.000190195000146252
0 2.5e-07 0.5 H 0.05333 0.01 639 294.205607476636 0.642 0.641982758747254 0.999973144466127 0.598907446249345 0.000148810000375 0.932804677436379 0.000158078926285047
0 2.5e-07 0.5 D 0.05333 0.1 998 290.45 1 0.999923858074474 0.999923858074474 0.95333414651215 0.002058450047665 0.95333414651215 0.002058450047665
0 2.5e-07 0.5 H 0.05333 0.1 999 226.09 1 0.999998666889185 0.999998666889185 0.966278463025 0.001494716693665 0.966278463025 0.001494716693665
0 2.5e-07 0.5 D 0.05333 0.5 999 228.13 1 0.999996007984032 0.999996007984032 0.98655824 0.01340211007795 0.98655824 0.01340211007795
0 2.5e-07 0.5 H 0.05333 0.5 998 178.48 1 0.99999733377837 0.99999733377837 0.990073786235 0.009913286705535 0.990073786235 0.009913286705535
0 2.5e-07 0.01 D 0.0667 0.001 4 NA 0.004 0.004 NA 0.003589803359415 0.000108003332365 0.888272505825 0
0 2.5e-07 0.01 H 0.0667 0.001 47 272.340425531915 0.047 0.047 1 0.04336755664473 1.4816668935e-05 0.922396666216808 9.29078308510638e-06
0 2.5e-07 0.01 D 0.0667 0.01 124 422.258064516129 0.124 0.124 1 0.10736136007455 0.001411126668095 0.861671989705806 0.00120255375165323
0 2.5e-07 0.01 H 0.0667 0.01 480 267.006237006237 0.481 0.480986754309022 0.999972462180918 0.44454564334815 0.0002249766688 0.92399817743684 0.00023787942489605
0 2.5e-07 0.01 D 0.0667 0.1 853 372.775175644028 0.855 0.854976144236042 0.999972098521687 0.79021559013184 0.00892545350266 0.923326803275731 0.00889059277623977
0 2.5e-07 0.01 H 0.0667 0.1 998 186.046046046046 0.999 0.998998666889185 0.99999866555474 0.965877783051485 0.002126243325485 0.966842248633784 0.00212695361294795
0 2.5e-07 0.01 D 0.0667 0.5 1000 448.61 1 1 1 0.992358359825 0.025365726544775 0.992358359825 0.025365726544775
0 2.5e-07 0.01 H 0.0667 0.5 999 188.48 1 0.999998666889185 0.999998666889185 0.993475863165 0.01043072362407 0.993475863165 0.01043072362407
0 2.5e-07 0.5 D 0.0667 0.001 52 319.807692307692 0.052 0.052 1 0.048060936755895 9.76333212e-06 0.924129296609712 3.33333240384615e-06
0 2.5e-07 0.5 H 0.0667 0.001 79 255.063291139241 0.079 0.079 1 0.074249163396925 7.203332105e-06 0.939793882671013 6.58227905063291e-06
0 2.5e-07 0.5 D 0.0667 0.01 621 310.305958132045 0.621 0.621 1 0.57755707341753 0.000155436670355 0.929960987782778 0.000154986581038647
0 2.5e-07 0.5 H 0.0667 0.01 718 245.569444444444 0.72 0.719985421198207 0.999979751664176 0.68018963956039 0.000118403333855 0.944669591979174 0.000122620372833333
0 2.5e-07 0.5 D 0.0667 0.1 998 240.85 1 0.999925101775571 0.999925101775571 0.963220126725 0.001638683319225 0.963220126725 0.001638683319225
0 2.5e-07 0.5 H 0.0667 0.1 999 187.8 1 0.999998666889185 0.999998666889185 0.97303383997 0.00118820333823 0.97303383997 0.00118820333823
0 2.5e-07 0.5 D 0.0667 0.5 999 191.24 1 0.999996007984032 0.999996007984032 0.98925234654 0.01060557338887 0.98925234654 0.01060557338887
0 2.5e-07 0.5 H 0.0667 0.5 999 150.95 1 0.999998666889185 0.999998666889185 0.992119666505 0.00790679002337 0.992119666505 0.00790679002337
0 2.5e-07 0.01 D 0.1334 0.001 8 NA 0.00800000000000001 0.008 NA 0.007117346696965 6.9160000565e-05 0.88717000376875 0
0 2.5e-07 0.01 H 0.1334 0.001 86 165.813953488372 0.086 0.086 1 0.08178875002069 7.929999185e-06 0.950972790935756 1.2209300872093e-05
0 2.5e-07 0.01 D 0.1334 0.01 180 279.388888888889 0.18 0.18 1 0.16337911994576 0.00090915999525 0.905906018132778 0.000808537002611111
0 2.5e-07 0.01 H 0.1334 0.01 716 153.240611961057 0.719 0.718993341762402 0.999990739586094 0.68860918631596 0.000116036666875 0.957695595246398 0.000119369496766342
0 2.5e-07 0.01 D 0.1334 0.1 963 264.470954356846 0.964 0.963989390580037 0.999988994377631 0.925191373248565 0.00572159005512 0.959618564905394 0.00574872411844398
0 2.5e-07 0.01 H 0.1334 0.1 999 106.23 1 0.999998666889185 0.999998666889185 0.983697852958 0.00110889999317 0.983697852958 0.00110889999317
0 2.5e-07 0.01 D 0.1334 0.5 1000 309.47 1 1 1 0.996245732925 0.01390661654818 0.996245732925 0.01390661654818
0 2.5e-07 0.01 H 0.1334 0.5 999 116.43 1 0.999998666889185 0.999998666889185 0.99681165957 0.00529226670348 0.99681165957 0.00529226670348
0 2.5e-07 0.5 D 0.1334 0.001 97 198.041237113402 0.097 0.097 1 0.09255398662967 4.529999405e-06 0.954125910284278 2.30240608247423e-06
0 2.5e-07 0.5 H 0.1334 0.001 140 155.714285714286 0.14 0.14 1 0.13513132324337 3.576666145e-06 0.965202499354821 2.78571417857143e-06
0 2.5e-07 0.5 D 0.1334 0.01 837 178.112305854241 0.837 0.837 1 0.805658049936325 7.381999764e-05 0.962544070015066 7.36359993847073e-05
0 2.5e-07 0.5 H 0.1334 0.01 903 140.165380374862 0.907 0.906989351515356 0.999988259664119 0.88067053282352 5.548999917e-05 0.970966585251604 5.59904433020948e-05
0 2.5e-07 0.5 D 0.1334 0.1 999 137.6 1 0.999986754309022 0.999986754309022 0.98174184961 0.000817080024435 0.98174184961 0.000817080024435
0 2.5e-07 0.5 H 0.1334 0.1 999 107.79 1 0.999998666889185 0.999998666889185 0.986597313039 0.00058495332869 0.986597313039 0.00058495332869
0 2.5e-07 0.5 D 0.1334 0.5 999 114.08 1 0.999996007984032 0.999996007984032 0.99462325638 0.00536351344902 0.99462325638 0.00536351344902
0 2.5e-07 0.5 H 0.1334 0.5 999 89.94 1 0.999998666889185 0.999998666889185 0.996071043145 0.0039347365898 0.996071043145 0.0039347365898
0.00034 2.5e-07 0.01 D 0 0.001 0 NA 0.004 0.000810893903939606 NA 0.00100719335851 0.000697279980125 0.20742750508375 0.1289066639275
0.00034 2.5e-07 0.01 H 0 0.001 0 NA 0.003 0.000277469026107918 NA 0.000447666701315 0.00142360670547 0.106382230816667 0.35571110987
0.00034 2.5e-07 0.01 D 0 0.01 0 NA 0.04 0.00760801262480071 0.189477730605777 0.01084996006996 0.00964295988855 0.204076416895125 0.165965165194625
0.00034 2.5e-07 0.01 H 0 0.01 0 NA 0.028 0.00528686193964408 0.179671268600132 0.00832980667022 0.0085308266904 0.201527023475179 0.194230237412857
0.00034 2.5e-07 0.01 D 0 0.1 3 NA 0.307 0.0579605177406601 0.181226615002918 0.10200915038731 0.099922606417335 0.253247622297443 0.23994794802645
0.00034 2.5e-07 0.01 H 0 0.1 1 1435.45454545455 0.294 0.0566735645905954 0.182922488610858 0.09929638994015 0.102149807278515 0.262920317737908 0.249864569841803
0.00034 2.5e-07 0.01 D 0 0.5 5 1245 0.855 0.147837399174687 0.16760956937273 0.492642829238405 0.48485265966544 0.546799340040129 0.531699032632731
0.00034 2.5e-07 0.01 H 0 0.5 8 1342.29166666667 0.896 0.155860130455383 0.17082171694976 0.508428266727125 0.505592563540365 0.546936402718638 0.539742909640536
0.00034 2.5e-07 0.5 D 0 0.001 0 NA 0.004 0.000810893903939606 NA 0.00100719335851 0.000697279980125 0.20742750508375 0.1289066639275
0.00034 2.5e-07 0.5 H 0 0.001 0 NA 0.003 0.000277469026107918 NA 0.000447666701315 0.00142360670547 0.106382230816667 0.35571110987
0.00034 2.5e-07 0.5 D 0 0.01 0 NA 0.04 0.00760801262480071 0.189477730605777 0.01084996006996 0.00964295988855 0.204076416895125 0.165965165194625
0.00034 2.5e-07 0.5 H 0 0.01 0 NA 0.028 0.00528686193964408 0.179671268600132 0.00832980667022 0.0085308266904 0.201527023475179 0.194230237412857
0.00034 2.5e-07 0.5 D 0 0.1 3 NA 0.307 0.0579605177406601 0.181226615002918 0.10200915038731 0.099922606417335 0.0938319102412541 0.0816636476012541
0.00034 2.5e-07 0.5 H 0 0.1 1 1435.45454545455 0.294 0.0566735645905954 0.182922488610858 0.09929638994015 0.102149807278515 0.102306235632568 0.109102211262109
0.00034 2.5e-07 0.5 D 0 0.5 5 1245 0.855 0.147837399174687 0.16760956937273 0.492642829238405 0.48485265966544 0.490615278263561 0.484760256761205
0.00034 2.5e-07 0.5 H 0 0.5 8 1342.29166666667 0.896 0.155860130455383 0.17082171694976 0.508428266727125 0.505592563540365 0.507787637330904 0.508307098403499
0.00034 2.5e-07 0.01 D 0.0067 0.001 1 NA 0.004 0.0028612137693874 NA 0.002412840023155 0.0006341166802 0.5816441689875 0.0938475038125
0.00034 2.5e-07 0.01 H 0.0067 0.001 2 NA 0.004 0.00300828574491236 NA 0.00219758328724 0.00047504330314 0.520992491495 0.08743999371625
0.00034 2.5e-07 0.01 D 0.0067 0.01 9 1289.13043478261 0.039 0.0222265952419455 0.56349088401667 0.021124773302935 0.00709078345578 0.486497947556282 0.0910247024008974
0.00034 2.5e-07 0.01 H 0.0067 0.01 33 1224.55882352941 0.08 0.0548230653373663 0.685208645254824 0.04909456994909 0.00666740643253 0.588031707654687 0.065753455765875
0.00034 2.5e-07 0.01 D 0.0067 0.1 78 1261.09848484848 0.417 0.233097886394168 0.557100028875003 0.25436805376743 0.071017623259325 0.573947211316415 0.128910574980959
0.00034 2.5e-07 0.01 H 0.0067 0.1 211 1082.59962049336 0.594 0.41239746048428 0.694271818997104 0.400406586106485 0.05444149015255 0.661361502997214 0.0796166330198569
0.00034 2.5e-07 0.01 D 0.0067 0.5 210 1057.17880794702 0.984 0.586776456725679 0.596061002387937 0.8465781537021 0.252808587600175 0.857711433256651 0.254349157421829
0.00034 2.5e-07 0.01 H 0.0067 0.5 408 847.993664202746 0.997 0.708692405142797 0.710824879782143 0.87981951637247 0.179715607450035 0.88221680679993 0.179943113470958
0.00034 2.5e-07 0.5 D 0.0067 0.001 3 NA 0.00700000000000001 0.00515608449676451 NA 0.004633053408625 0.00045592334933 0.6507652487 0.0531557153457143
0.00034 2.5e-07 0.5 H 0.0067 0.001 1 NA 0.00900000000000001 0.00528183266025681 NA 0.00486428341573 0.00047514665508 0.52688778505 0.0356677763944444
0.00034 2.5e-07 0.5 D 0.0067 0.01 24 1380.67796610169 0.095 0.0576897170280601 0.607260179242738 0.04980626980453 0.00562607669683 0.501719963119947 0.0446132282535789
0.00034 2.5e-07 0.5 H 0.0067 0.01 51 1215.88235294118 0.115 0.0840576697418436 0.730936258624727 0.071544203091675 0.00619539344456 0.611103650163261 0.046134754665
0.00034 2.5e-07 0.5 D 0.0067 0.1 178 1226.16379310345 0.632 0.393753134181536 0.623027111046733 0.388861004142935 0.050373800472965 0.376700201328101 0.0486051375326424
0.00034 2.5e-07 0.5 H 0.0067 0.1 299 1079.50598802395 0.728 0.524525708275515 0.7205023465323 0.49415877578519 0.045969163690665 0.485824504642047 0.0448951513738668
0.00034 2.5e-07 0.5 D 0.0067 0.5 291 1020.75934579439 0.998 0.647969942913561 0.649268479873307 0.811949266156385 0.184945010110935 0.811954164460306 0.185091660088337
0.00034 2.5e-07 0.5 H 0.0067 0.5 425 837.226804123711 0.998 0.723939100317334 0.725389880077489 0.854775224353255 0.148540950339275 0.854910478700656 0.148579105213196
0.00034 2.5e-07 0.01 D 0.01333 0.001 0 NA 0.004 0.00300989537686472 NA 0.00297458332972 0.00046688332621 0.7206024977375 0.07681500209
0.00034 2.5e-07 0.01 H 0.01333 0.001 4 NA 0.00700000000000001 0.00567871730663788 NA 0.00455495007035 0.00043600667831 0.636330008987143 0.0528071448621429
0.00034 2.5e-07 0.01 D 0.01333 0.01 21 965.581395348837 0.05 0.0346925586227562 0.693505292495816 0.032920726868045 0.00633292667051 0.6262002703736 0.0839859338359
0.00034 2.5e-07 0.01 H 0.01333 0.01 93 778.676470588235 0.137 0.113788889236264 0.830575833841341 0.10066406654328 0.006681183427235 0.729386373996204 0.0432608280342336
0.00034 2.5e-07 0.01 D 0.01333 0.1 222 888.198380566802 0.521 0.37718641321113 0.723768516723454 0.38360387952791 0.06501439381996 0.722138860324741 0.104506335010019
0.00034 2.5e-07 0.01 H 0.01333 0.1 584 643.312655086849 0.806 0.674212922570445 0.836492459764819 0.64723520916584 0.04806608004993 0.800567331435074 0.0575488792959181
0.00034 2.5e-07 0.01 D 0.01333 0.5 386 676.912065439673 0.999 0.724522272344494 0.725247519864359 0.933819240630185 0.178905594210985 0.934655349314314 0.179057688560856
0.00034 2.5e-07 0.01 H 0.01333 0.5 733 432.082082082082 0.999 0.837605112261543 0.838443555817361 0.93944723555735 0.10596666650878 0.940263328873874 0.106028591766246
0.00034 2.5e-07 0.5 D 0.01333 0.001 7 1027.69230769231 0.013 0.0103692191739238 0.797632244147984 0.00872824330557 0.0005062599932 0.669036664296154 0.0345515379823077
0.00034 2.5e-07 0.5 H 0.01333 0.001 13 855.882352941176 0.017 0.0142250862361578 0.836769778597519 0.0121874066879 0.000481143362075 0.712011766238235 0.0253805900064706
0.00034 2.5e-07 0.5 D 0.01333 0.01 130 943.264248704663 0.193 0.157983050039435 0.818565026111061 0.134039630368475 0.00688262995984 0.690100278132668 0.0326476681793523
0.00034 2.5e-07 0.5 H 0.01333 0.01 164 680.660377358491 0.212 0.180947866874658 0.853527673937067 0.16306114353216 0.006609616715755 0.766736698847099 0.0293601575188443
0.00034 2.5e-07 0.5 D 0.01333 0.1 580 801.912442396313 0.872 0.713623918955193 0.818376053847699 0.66284250327108 0.04112611044426 0.661552075633022 0.0411309064997362
0.00034 2.5e-07 0.5 H 0.01333 0.1 739 596.31974248927 0.932 0.79758959870763 0.855782831231363 0.76148013242285 0.034765480227125 0.757355553281384 0.0345260016135944
0.00034 2.5e-07 0.5 D 0.01333 0.5 634 541.99 1 0.8092495833448 0.8092495833448 0.900272711265 0.098944330254575 0.900272711265 0.098944330254575
0.00034 2.5e-07 0.5 H 0.01333 0.5 797 389.44 1 0.8543711775297 0.8543711775297 0.924463536825 0.076120723758245 0.924463536825 0.076120723758245
0.00034 2.5e-07 0.01 D 0.02667 0.001 5 NA 0.00600000000000001 0.0050917677112361 NA 0.00489388330993 0.000448893301305 0.809113884908333 0.0606544390241667
0.00034 2.5e-07 0.01 H 0.02667 0.001 15 462.352941176471 0.017 0.0154277792851782 0.907516428539892 0.01408411328783 0.00053504335276 0.826306467620588 0.0298327461129412
0.00034 2.5e-07 0.01 D 0.02667 0.01 37 673.714285714286 0.073 0.0573747957338206 0.785956105942748 0.053611740236355 0.005939449907415 0.717618084548836 0.0593646566718493
0.00034 2.5e-07 0.01 H 0.02667 0.01 227 429.831932773109 0.238 0.215639508806733 0.906048356330812 0.20066369971133 0.00694083333173 0.841579214470924 0.0276436414268277
0.00034 2.5e-07 0.01 D 0.02667 0.1 414 546.354009077156 0.663 0.540680086086581 0.815403534036683 0.549213378375115 0.06066144371745 0.823415190937934 0.0834195581699623
0.00034 2.5e-07 0.01 H 0.02667 0.1 903 321.22641509434 0.954 0.870731270236012 0.912716216180306 0.85443960846088 0.033313713616655 0.895417266021174 0.0346817158727725
0.00034 2.5e-07 0.01 D 0.02667 0.5 615 355.3 1 0.813037052642323 0.813037052642323 0.96810843128 0.119554356734305 0.96810843128 0.119554356734305
0.00034 2.5e-07 0.01 H 0.02667 0.5 944 207.23 1 0.910024472228482 0.910024472228482 0.970424873395 0.05753119341443 0.970424873395 0.05753119341443
0.00034 2.5e-07 0.5 D 0.02667 0.001 18 563.5 0.02 0.0179186813293455 0.895934066467276 0.01598751999937 0.000394893350095 0.79778083327175 0.01891700091975
0.00034 2.5e-07 0.5 H 0.02667 0.001 30 402.258064516129 0.031 0.0288728756946961 0.93138308692568 0.026453136508115 0.00052670667599 0.852794511018871 0.0161262369356452
0.00034 2.5e-07 0.5 D 0.02667 0.01 303 503.385093167702 0.322 0.291695483293303 0.905886594078582 0.26538600685456 0.00697296001808 0.82342711237396 0.0209093064723758
0.00034 2.5e-07 0.5 H 0.02667 0.01 382 382.010309278351 0.388 0.357517444447237 0.921436712492879 0.33476277972535 0.00670071330211 0.862378573155941 0.016896305754317
0.00034 2.5e-07 0.5 D 0.02667 0.1 920 384.38578680203 0.985 0.888946638197278 0.902483896646982 0.86533521792841 0.026194436856905 0.865375659497878 0.0261763724164975
0.00034 2.5e-07 0.5 H 0.02667 0.1 983 284.175050301811 0.994 0.920189111510245 0.925743572947932 0.904336006109285 0.02068841012277 0.904238859288516 0.0206767841500604
0.00034 2.5e-07 0.5 D 0.02667 0.5 931 252.27 1 0.902557675263266 0.902557675263266 0.94940857694 0.05055422369599 0.94940857694 0.05055422369599
0.00034 2.5e-07 0.5 H 0.02667 0.5 978 190.14 1 0.923858858787953 0.923858858787953 0.961216111115 0.038924386579475 0.961216111115 0.038924386579475
0.00034 2.5e-07 0.01 D 0.05333 0.001 8 NA 0.00800000000000001 0.00713405073135347 NA 0.006436196736085 0.00061022668887 0.8003441754 0.068383753534375
0.00034 2.5e-07 0.01 H 0.05333 0.001 40 267.5 0.04 0.0380323571538396 0.950808928845991 0.035831929776235 0.00063778667996 0.895359411015625 0.015473250287125
0.00034 2.5e-07 0.01 D 0.05333 0.01 92 466.486486486487 0.111 0.0968338802701288 0.872377299730891 0.09111535045207 0.0065388234082 0.815102466442613 0.0493520422665315
0.00034 2.5e-07 0.01 H 0.05333 0.01 405 249.827160493827 0.405 0.384759652641553 0.950023833682846 0.36657741549461 0.00671421338868 0.904776309857296 0.0162413828578765
0.00034 2.5e-07 0.01 D 0.05333 0.1 666 301.223733003708 0.809 0.707716358787293 0.874803904557841 0.72873315739239 0.05207092740156 0.899239308709938 0.0619159835629975
0.00034 2.5e-07 0.01 H 0.05333 0.1 995 157.394789579158 0.998 0.950151230625037 0.952055341307652 0.948135116808335 0.019365283496475 0.950031449707064 0.0194005646260772
0.00034 2.5e-07 0.01 D 0.05333 0.5 822 187.53 1 0.873438044314005 0.873438044314005 0.983976862225 0.08067649394708 0.983976862225 0.08067649394708
0.00034 2.5e-07 0.01 H 0.05333 0.5 994 103.71 1 0.949543538620195 0.949543538620195 0.98512629284 0.030154156675755 0.98512629284 0.030154156675755
0.00034 2.5e-07 0.5 D 0.05333 0.001 41 288.048780487805 0.041 0.0389898285298323 0.950971427556884 0.03677220668775 0.000481170015455 0.896623984211829 0.0114681305068293
0.00034 2.5e-07 0.5 H 0.05333 0.001 73 223.835616438356 0.073 0.0705045576936941 0.965815858817727 0.06686223331409 0.000683070015645 0.91584178055363 0.00919173538821918
0.00034 2.5e-07 0.5 D 0.05333 0.01 546 272.509157509157 0.546 0.517514860539126 0.947829414906824 0.49197245027706 0.006533386740125 0.900899005394652 0.0118052443455311
0.00034 2.5e-07 0.5 H 0.05333 0.01 612 208.336052202284 0.613 0.588540345471434 0.960098442857152 0.56642666516917 0.0057321734015 0.923946104135082 0.00928170755313214
0.00034 2.5e-07 0.5 D 0.05333 0.1 997 189.85 1 0.950008205519778 0.950008205519778 0.940391778663 0.014266573568325 0.940391778663 0.014266573568325
0.00034 2.5e-07 0.5 H 0.05333 0.1 1000 141.1 1 0.96098841133367 0.96098841133367 0.955980484954 0.010951023493435 0.955980484954 0.010951023493435
0.00034 2.5e-07 0.5 D 0.05333 0.5 1000 126.88 1 0.949180833449543 0.949180833449543 0.97405978834 0.02586425672561 0.97405978834 0.02586425672561
0.00034 2.5e-07 0.5 H 0.05333 0.5 999 95.62 1 0.959679128997923 0.959679128997923 0.98044055068 0.019626923401035 0.98044055068 0.019626923401035
0.00034 2.5e-07 0.01 D 0.0667 0.001 5 NA 0.00700000000000001 0.00615390661681813 NA 0.006150853396775 0.000411533298675 0.873639056735714 0.0483404713064286
0.00034 2.5e-07 0.01 H 0.0667 0.001 50 234.2 0.05 0.0478985548558778 0.957971097117556 0.04539030987808 0.000655183338165 0.9075645308945 0.0128254001031
0.00034 2.5e-07 0.01 D 0.0667 0.01 108 394.296875 0.128 0.11343887578681 0.886241217084456 0.108417140281675 0.00700728991717 0.843087502105195 0.0474049994319141
0.00034 2.5e-07 0.01 H 0.0667 0.01 467 210.749464668094 0.467 0.44809449838789 0.95951712716893 0.429390851199145 0.00634981673283 0.919244235254229 0.0133693006346574
0.00034 2.5e-07 0.01 D 0.0667 0.1 761 251.981460023175 0.863 0.766590108849919 0.888285178273371 0.7901019759279 0.04993628700972 0.914626403140371 0.05641270033354
0.00034 2.5e-07 0.01 H 0.0667 0.1 999 125.44 1 0.960683175329695 0.960683175329695 0.96065851515535 0.015868743434045 0.96065851515535 0.015868743434045
0.00034 2.5e-07 0.01 D 0.0667 0.5 869 155.77 1 0.888293722216847 0.888293722216847 0.987168665635 0.07084119386881 0.987168665635 0.07084119386881
0.00034 2.5e-07 0.01 H 0.0667 0.5 1000 84.92 1 0.959226222149702 0.959226222149702 0.988072391885 0.024533976888815 0.988072391885 0.024533976888815
0.00034 2.5e-07 0.5 D 0.0667 0.001 53 232.830188679245 0.053 0.0508906656327983 0.960201238354685 0.048389646922725 0.00052879666457 0.912836797269906 0.009814779865
0.00034 2.5e-07 0.5 H 0.0667 0.001 84 185.952380952381 0.084 0.0814519830461771 0.969666464835442 0.078134999812535 0.000640783352905 0.930116743807083 0.00753134944970238
0.00034 2.5e-07 0.5 D 0.0667 0.01 619 224.038772213247 0.619 0.593658458065058 0.959060513836928 0.5683718604594 0.00608943669656 0.918116968978619 0.00974222406758481
0.00034 2.5e-07 0.5 H 0.0667 0.01 705 171.900709219858 0.705 0.682025260088041 0.967411716436937 0.660525394631345 0.005368080064205 0.936878309166681 0.0075749835412695
0.00034 2.5e-07 0.5 D 0.0667 0.1 999 151.27 1 0.959691395987381 0.959691395987381 0.9528383151845 0.0116034134395 0.9528383151845 0.0116034134395
0.00034 2.5e-07 0.5 H 0.0667 0.1 1000 113.02 1 0.968235686848658 0.968235686848658 0.9650564932235 0.008840693406885 0.9650564932235 0.008840693406885
0.00034 2.5e-07 0.5 D 0.0667 0.5 1000 103.42 1 0.959268614651673 0.959268614651673 0.979126475285 0.02080260021703 0.979126475285 0.02080260021703
0.00034 2.5e-07 0.5 H 0.0667 0.5 1000 78.68 1 0.96789838549051 0.96789838549051 0.98424948968 0.01576540699583 0.98424948968 0.01576540699583
0.00034 2.5e-07 0.01 D 0.1334 0.001 8 NA 0.00800000000000001 0.00762195628127052 NA 0.007321096721745 0.000323259991405 0.9104641736 0.03328083206625
0.00034 2.5e-07 0.01 H 0.1334 0.001 81 132.345679012346 0.081 0.0790273770423716 0.975646630152736 0.076844305870955 0.0005955433438 0.948622829692037 0.00726337462049383
0.00034 2.5e-07 0.01 D 0.1334 0.01 174 252.912087912088 0.182 0.167474472581752 0.920189409789845 0.16338925082323 0.0067662000228 0.895883044821758 0.0335214469590659
0.00034 2.5e-07 0.01 H 0.1334 0.01 707 119.73125884017 0.707 0.691055491883648 0.977447654715203 0.675105128067795 0.00517437006215 0.954843047706634 0.00727832634980905
0.00034 2.5e-07 0.01 D 0.1334 0.1 939 130.103412616339 0.967 0.892128395907633 0.92257331531296 0.925641215103635 0.038382963424085 0.957114962189695 0.0395189211471044
0.00034 2.5e-07 0.01 H 0.1334 0.1 1000 66.46 1 0.979089185094325 0.979089185094325 0.9805971307255 0.00834728009808 0.9805971307255 0.00834728009808
0.00034 2.5e-07 0.01 D 0.1334 0.5 983 85.2 1 0.925583379912308 0.925583379912308 0.99346990545 0.047623510417135 0.99346990545 0.047623510417135
0.00034 2.5e-07 0.01 H 0.1334 0.5 1000 46.88 1 0.978607600206546 0.978607600206546 0.993912062535 0.01273091021279 0.993912062535 0.01273091021279
0.00034 2.5e-07 0.5 D 0.1334 0.001 110 132.545454545455 0.11 0.107710591203803 0.979187192761842 0.10458861063567 0.000581206663815 0.950778611836636 0.00524248483477273
0.00034 2.5e-07 0.5 H 0.1334 0.001 143 104.685314685315 0.143 0.140445881459702 0.982139031186727 0.137502678810805 0.000574849989135 0.961542462545734 0.00399470854765734
0.00034 2.5e-07 0.5 D 0.1334 0.01 844 119.834123222749 0.844 0.825350163197038 0.977903036963315 0.80776084698405 0.004463869963035 0.957051078578081 0.00527651259195498
0.00034 2.5e-07 0.5 H 0.1334 0.01 896 92.8125 0.896 0.880414078598022 0.982604998435292 0.866661978753135 0.003661429934035 0.967251371376529 0.00408038311083705
0.00034 2.5e-07 0.5 D 0.1334 0.1 1000 79.88 1 0.978913120165659 0.978913120165659 0.9763125536325 0.006097043297485 0.9763125536325 0.006097043297485
0.00034 2.5e-07 0.5 H 0.1334 0.1 1000 61.59 1 0.983172494954703 0.983172494954703 0.982371367136 0.004645893310325 0.982371367136 0.004645893310325
0.00034 2.5e-07 0.5 D 0.1334 0.5 1000 56.48 1 0.978911265542285 0.978911265542285 0.989276723985 0.01075014993145 0.989276723985 0.01075014993145
0.00034 2.5e-07 0.5 H 0.1334 0.5 1000 43.74 1 0.982903625250768 0.982903625250768 0.991934268195 0.008104223292485 0.991934268195 0.008104223292485
0.0017 2.5e-07 0.01 D 0 0.001 0 NA 0.002 1e-04 NA 0.000425290012555 0.000306343328515 0.15859334041 0.0953633356875
0.0017 2.5e-07 0.01 H 0 0.001 0 NA 0 1e-04 NA 0.00022042336071 0.00033639670238 NA NA
0.0017 2.5e-07 0.01 D 0 0.01 0 NA 0.035 0.00145919760636294 0.0415188968302604 0.0091656731649 0.009111396672755 0.186615615083 0.189329905443571
0.0017 2.5e-07 0.01 H 0 0.01 0 NA 0.027 0.000779393155725235 0.0288664131750087 0.009617616662595 0.00920478993179 0.231400495626111 0.224206418592407
0.0017 2.5e-07 0.01 D 0 0.1 0 NA 0.305 0.0132997972583097 0.0430148326921693 0.09920857987099 0.10011582983177 0.24934128914282 0.247050850801344
0.0017 2.5e-07 0.01 H 0 0.1 0 NA 0.322 0.0153226719480108 0.0469310454758896 0.10317243380535 0.106109853364555 0.25040293095427 0.257167918764814
0.0017 2.5e-07 0.01 D 0 0.5 0 NA 0.88 0.035696538914477 0.0403183622307783 0.48693995339284 0.485971479494065 0.530326950971034 0.530060995877261
0.0017 2.5e-07 0.01 H 0 0.5 0 NA 0.867 0.0350858014732172 0.0403786792466456 0.493654136666115 0.494650097520875 0.541972095490871 0.542025833407664
0.0017 2.5e-07 0.5 D 0 0.001 0 NA 0.002 1e-04 NA 0.000425290012555 0.000306343328515 0.15859334041 0.0953633356875
0.0017 2.5e-07 0.5 H 0 0.001 0 NA 0 1e-04 NA 0.00022042336071 0.00033639670238 NA NA
0.0017 2.5e-07 0.5 D 0 0.01 0 NA 0.035 0.00145919760636294 0.0415188968302604 0.0091656731649 0.009111396672755 0.186615615083 0.189329905443571
0.0017 2.5e-07 0.5 H 0 0.01 0 NA 0.027 0.000779393155725235 0.0288664131750087 0.009617616662595 0.00920478993179 0.231400495626111 0.224206418592407
0.0017 2.5e-07 0.5 D 0 0.1 0 NA 0.305 0.0132997972583097 0.0430148326921693 0.09920857987099 0.10011582983177 0.0922438686810164 0.095533911753541
0.0017 2.5e-07 0.5 H 0 0.1 0 NA 0.322 0.0153226719480108 0.0469310454758896 0.10317243380535 0.106109853364555 0.113507246750279 0.114877350511879
0.0017 2.5e-07 0.5 D 0 0.5 0 NA 0.88 0.035696538914477 0.0403183622307783 0.48693995339284 0.485971479494065 0.487128481405187 0.486619901106108
0.0017 2.5e-07 0.5 H 0 0.5 0 NA 0.867 0.0350858014732172 0.0403786792466456 0.493654136666115 0.494650097520875 0.494898665634913 0.497324022478899
0.0017 2.5e-07 0.01 D 0.0067 0.001 0 NA 0.002 0.000230084036858418 NA 0.001393733276935 0.000714633366785 0.613453309 0.2959016808625
0.0017 2.5e-07 0.01 H 0.0067 0.001 1 NA 0.005 0.00124311399119 NA 0.0018737566526 0.000929210022405 0.328069992806 0.140752001429
0.0017 2.5e-07 0.01 D 0.0067 0.01 0 NA 0.03 0.00404768605905107 0.134922868635036 0.01276849663614 0.007161103425695 0.337642444859833 0.162645001510833
0.0017 2.5e-07 0.01 H 0.0067 0.01 2 1570 0.073 0.0178969155858299 0.245163227203149 0.035012906784865 0.01335549651016 0.444014795934658 0.160652007200411
0.0017 2.5e-07 0.01 D 0.0067 0.1 1 1468.52941176471 0.392 0.0580801389443425 0.148124161005751 0.18549483706898 0.102782693479325 0.428170034528724 0.222243172148673
0.0017 2.5e-07 0.01 H 0.0067 0.1 6 1325.56451612903 0.555 0.129731530336889 0.233750505111511 0.29011269046053 0.114749250526885 0.502480943539414 0.19292885396982
0.0017 2.5e-07 0.01 D 0.0067 0.5 1 1086.57894736842 0.964 0.181960082530652 0.188755272334701 0.72215121718342 0.39816640367743 0.742808672762998 0.408489851497666
0.0017 2.5e-07 0.01 H 0.0067 0.5 9 1070.80939947781 0.993 0.242728461697279 0.244439538466545 0.75201610235027 0.3439512604915 0.755616786551964 0.345364371071964
0.0017 2.5e-07 0.5 D 0.0067 0.001 0 NA 0.005 0.000603384871746291 NA 0.002302603262525 0.001127053319275 0.44409598802 0.209569330428
0.0017 2.5e-07 0.5 H 0.0067 0.001 0 NA 0.00900000000000001 0.00191916775419857 NA 0.00382822674158 0.00116863658379 0.406154453481667 0.114094806268889
0.0017 2.5e-07 0.5 D 0.0067 0.01 0 NA 0.075 0.0109876416149847 0.146501888199796 0.03040648351066 0.01162822351592 0.3689806252052 0.135896802346933
0.0017 2.5e-07 0.5 H 0.0067 0.01 2 1532.66666666667 0.113 0.0275296088603533 0.243624857171268 0.052311600109915 0.01602374654831 0.448886106914911 0.134052919172257
0.0017 2.5e-07 0.5 D 0.0067 0.1 3 1326.88524590164 0.57 0.0924106097700922 0.162019799639622 0.27066677309205 0.107275963729015 0.260330368515211 0.103993859843833
0.0017 2.5e-07 0.5 H 0.0067 0.1 11 1302.08530805687 0.684 0.162326148409844 0.237289093927746 0.35669310016838 0.115817296589355 0.350484804969627 0.115506413305958
0.0017 2.5e-07 0.5 D 0.0067 0.5 7 1119.78378378378 0.979 0.164926382498891 0.168411526703211 0.65864267337165 0.33541023059104 0.658304010850868 0.335029404797671
0.0017 2.5e-07 0.5 H 0.0067 0.5 16 1098.125 0.992 0.234545361801425 0.236436856654663 0.7031679358743 0.299505427006895 0.703677744545161 0.299871378000877
0.0017 2.5e-07 0.01 D 0.01333 0.001 0 NA 0.003 0.0011031182882023 NA 0.001831323290195 0.00072411001061 0.5697922056 0.204533332445
0.0017 2.5e-07 0.01 H 0.01333 0.001 1 NA 0.00800000000000001 0.00353076356886354 NA 0.00509149331602 0.00134467998774 0.6265912475625 0.15786291436125
0.0017 2.5e-07 0.01 D 0.01333 0.01 5 1203.7037037037 0.049 0.0168653803579263 0.344191435876047 0.026979590076895 0.010552659917765 0.505605646689082 0.175517208650408
0.0017 2.5e-07 0.01 H 0.01333 0.01 25 1014.59677419355 0.13 0.0563402532754005 0.433386563656927 0.083669829922255 0.02026882707894 0.636623999724538 0.150211413361615
0.0017 2.5e-07 0.01 D 0.01333 0.1 18 1146.5749235474 0.507 0.170339820294543 0.335918199964105 0.31788851003544 0.121004413506055 0.608313990726854 0.221389053448333
0.0017 2.5e-07 0.01 H 0.01333 0.1 159 875.843989769821 0.797 0.36604125023774 0.459273839696035 0.56194530279921 0.13866910240976 0.701949911424987 0.171786636285006
0.0017 2.5e-07 0.01 D 0.01333 0.5 51 891.051282051282 0.999 0.36220542677008 0.362567994764845 0.86219688099352 0.332372652849545 0.862984208542312 0.332645381568278
0.0017 2.5e-07 0.01 H 0.01333 0.5 177 559.869346733668 1 0.451376368750458 0.451376368750458 0.86255266932 0.2457436195755 0.86255266932 0.2457436195755
0.0017 2.5e-07 0.5 D 0.01333 0.001 0 NA 0.012 0.00384473560812477 0.320394634010398 0.00650135667596 0.001699779977725 0.535970279141667 0.137383609602917
0.0017 2.5e-07 0.5 H 0.01333 0.001 4 1125 0.016 0.0075679718938952 0.47299824336845 0.00976673998562 0.001722166613065 0.605516874161563 0.104716663622187
0.0017 2.5e-07 0.5 D 0.01333 0.01 11 1282.22222222222 0.168 0.0614676885081489 0.365879098262791 0.09155920392446 0.021162126614075 0.538489209565446 0.122508948229643
0.0017 2.5e-07 0.5 H 0.01333 0.01 44 894.591836734694 0.2 0.0902683242738534 0.451341621369267 0.12910546706837 0.02327462661305 0.641937168487225 0.1146144331057
0.0017 2.5e-07 0.5 D 0.01333 0.1 64 1087.91044776119 0.837 0.310486746559334 0.370951907478296 0.522384950983305 0.126274473883155 0.522109045369086 0.125426866380992
0.0017 2.5e-07 0.5 H 0.01333 0.1 200 774.517203107658 0.909 0.427436736156472 0.47022743251537 0.639030750044375 0.12009439019081 0.635097997876903 0.119589255453212
0.0017 2.5e-07 0.5 D 0.01333 0.5 77 832.715083798883 1 0.366967001928477 0.366967001928477 0.7703116878595 0.22919544317232 0.7703116878595 0.22919544317232
0.0017 2.5e-07 0.5 H 0.01333 0.5 235 522.668004012036 1 0.462345923400996 0.462345923400996 0.81401710319 0.18655184071205 0.81401710319 0.18655184071205
0.0017 2.5e-07 0.01 D 0.02667 0.001 1 NA 0.005 0.00249454640772611 NA 0.00386118331748 0.00093024666205 0.75541333072 0.167489332461
0.0017 2.5e-07 0.01 H 0.02667 0.001 14 490 0.015 0.0102722085483303 0.684813903222022 0.01157457998491 0.00166518664799 0.768284221050333 0.109061998736667
0.0017 2.5e-07 0.01 D 0.02667 0.01 18 822.533333333333 0.075 0.039540470509508 0.527206273460106 0.05265323665432 0.01375851006921 0.6838955104552 0.166075200528467
0.0017 2.5e-07 0.01 H 0.02667 0.01 186 474.739130434783 0.23 0.149821448587763 0.651397602555492 0.180364229478875 0.025696430440705 0.78227193975487 0.110227494674391
0.0017 2.5e-07 0.01 D 0.02667 0.1 210 637.619783616692 0.651 0.345732988005137 0.531079858686846 0.502034033504985 0.13053520676749 0.764572176385952 0.193579723683602
0.0017 2.5e-07 0.01 H 0.02667 0.1 791 339.370409233998 0.953 0.623197070855523 0.653931868683654 0.804490599859895 0.119004300054895 0.843907341587246 0.124661427125462
0.0017 2.5e-07 0.01 D 0.02667 0.5 329 324.904904904905 1 0.529280127319306 0.529280127319306 0.92796959298 0.248394782848 0.92796959298 0.248394782848
0.0017 2.5e-07 0.01 H 0.02667 0.5 821 178.08 1 0.652349946651548 0.652349946651548 0.925488586795 0.15410852765135 0.925488586795 0.15410852765135
0.0017 2.5e-07 0.5 D 0.02667 0.001 12 575.238095238095 0.021 0.0118440865809786 0.564004122903742 0.01520844668756 0.001970439987805 0.722818572490476 0.0929438090028571
0.0017 2.5e-07 0.5 H 0.02667 0.001 29 408.484848484848 0.033 0.0223947306829174 0.678628202512648 0.025828863492135 0.00247764331972 0.781937681553182 0.0744069693321212
0.0017 2.5e-07 0.5 D 0.02667 0.01 198 546 0.315 0.188036135784755 0.596940113602396 0.23287721061105 0.02894057042201 0.738063462190111 0.0911133135009048
0.0017 2.5e-07 0.5 H 0.02667 0.01 321 397.941176470588 0.374 0.251446799960146 0.672317646952261 0.29583912684968 0.028267733687695 0.790454724170869 0.0752170241092781
0.0017 2.5e-07 0.5 D 0.02667 0.1 628 414.989795918367 0.98 0.591327014374685 0.603394912627229 0.77691129343736 0.101075500533575 0.777555537351388 0.101069361053526
0.0017 2.5e-07 0.5 H 0.02667 0.1 897 281.859296482412 0.995 0.678213396437248 0.681621503957033 0.83717348958687 0.082993387279065 0.837106193929518 0.0830293774913216
0.0017 2.5e-07 0.5 D 0.02667 0.5 617 251.73 1 0.597680547773928 0.597680547773928 0.865648436645 0.13424640644525 0.865648436645 0.13424640644525
0.0017 2.5e-07 0.5 H 0.02667 0.5 894 170.96 1 0.677424374874943 0.677424374874943 0.89468896841 0.10546318682 0.89468896841 0.10546318682
0.0017 2.5e-07 0.01 D 0.05333 0.001 4 NA 0.005 0.00302751786047197 NA 0.004289383352135 0.00077234334275 0.83940933709 0.13357600313
0.0017 2.5e-07 0.01 H 0.05333 0.001 41 291.463414634146 0.041 0.0321676094037627 0.784575839116163 0.03513442020132 0.00280489992275 0.856503094279146 0.0680382094802439
0.0017 2.5e-07 0.01 D 0.05333 0.01 96 518.392857142857 0.112 0.0746693018790884 0.666690195349004 0.08693716638513 0.01558672669645 0.769054223950134 0.13196809540317
0.0017 2.5e-07 0.01 H 0.05333 0.01 402 249.054726368159 0.402 0.318411385106139 0.792068122154573 0.352338537062435 0.028729596593935 0.876056609606356 0.0711432336468159
0.0017 2.5e-07 0.01 D 0.05333 0.1 672 305.825123152709 0.812 0.539102754696162 0.663919648640593 0.70696322696088 0.125858786839005 0.86900679843516 0.153046785945505
0.0017 2.5e-07 0.01 H 0.05333 0.1 999 147.777777777778 0.999 0.792870526056077 0.793664190246323 0.923060702519035 0.07676778701467 0.923982912097097 0.0768433603753954
0.0017 2.5e-07 0.01 D 0.05333 0.5 824 121.04 1 0.660288201504521 0.660288201504521 0.961588923625 0.17716320630135 0.961588923625 0.17716320630135
0.0017 2.5e-07 0.01 H 0.05333 0.5 998 78.53 1 0.794647630416759 0.794647630416759 0.96035839734 0.0892306240843 0.96035839734 0.0892306240843
0.0017 2.5e-07 0.5 D 0.05333 0.001 40 273.5 0.04 0.0301502743171248 0.75375685792812 0.033895446582185 0.0022018800682 0.847053664492125 0.05477383510075
0.0017 2.5e-07 0.5 H 0.05333 0.001 74 217.702702702703 0.074 0.0602693882459641 0.814451192513029 0.064884283521125 0.003175966714925 0.876709912435811 0.0427858565247297
0.0017 2.5e-07 0.5 D 0.05333 0.01 549 258.947368421053 0.551 0.422814281277963 0.767358042246757 0.469982122857905 0.03064951035319 0.852810610151334 0.0554855299967604
0.0017 2.5e-07 0.5 H 0.05333 0.01 616 194.448051948052 0.616 0.505513739650635 0.820639187744538 0.5459802769982 0.02700257680648 0.886251147725179 0.043768398490414
0.0017 2.5e-07 0.5 D 0.05333 0.1 998 171.15 1 0.771643577030451 0.771643577030451 0.8928960970245 0.060087996766355 0.8928960970245 0.060087996766355
0.0017 2.5e-07 0.5 H 0.05333 0.1 1000 123.26 1 0.820761734855584 0.820761734855584 0.919090618644 0.046885246784695 0.919090618644 0.046885246784695
0.0017 2.5e-07 0.5 D 0.05333 0.5 995 104.4 1 0.76977717048647 0.76977717048647 0.926836846005 0.07310524049895 0.926836846005 0.07310524049895
0.0017 2.5e-07 0.5 H 0.05333 0.5 1000 76.5 1 0.819795629088615 0.819795629088615 0.9437385006 0.056279020046385 0.9437385006 0.056279020046385
0.0017 2.5e-07 0.01 D 0.0667 0.001 8 NA 0.00800000000000001 0.00579242227925762 NA 0.006672229978795 0.001026199830305 0.828472080306875 0.121765395199375
0.0017 2.5e-07 0.01 H 0.0667 0.001 49 236.326530612245 0.049 0.0399098136372508 0.814485992596955 0.043240540033165 0.002802919982285 0.882208163908367 0.0569430608845918
0.0017 2.5e-07 0.01 D 0.0667 0.01 119 441.811023622047 0.127 0.0890969517026431 0.701550800808214 0.10235356337748 0.01613492683087 0.800305407400866 0.121099450032913
0.0017 2.5e-07 0.01 H 0.0667 0.01 470 207.531914893617 0.47 0.388316439344051 0.826205190093725 0.421318292852595 0.028314986750405 0.8961868713035 0.0600332342199681
0.0017 2.5e-07 0.01 D 0.0667 0.1 770 241.300236406619 0.846 0.581598973937731 0.687469236333015 0.758073803064445 0.12016260725199 0.894831603357577 0.140580177990083
0.0017 2.5e-07 0.01 H 0.0667 0.1 1000 115.25 1 0.826798209348416 0.826798209348416 0.9394944508122 0.064338037059505 0.9394944508122 0.064338037059505
0.0017 2.5e-07 0.01 D 0.0667 0.5 936 93.4 1 0.698938788276435 0.698938788276435 0.96864552669 0.158722127527 0.96864552669 0.158722127527
0.0017 2.5e-07 0.01 H 0.0667 0.5 999 62.92 1 0.8267740250485 0.8267740250485 0.9676397773 0.073859676712885 0.9676397773 0.073859676712885
0.0017 2.5e-07 0.5 D 0.0667 0.001 51 225.686274509804 0.051 0.0409072066672632 0.802102091514964 0.04445981335623 0.00231936006798 0.871546471044216 0.0453224850339216
0.0017 2.5e-07 0.5 H 0.0667 0.001 85 173.058823529412 0.085 0.0721373660713811 0.848674894957425 0.076484360073965 0.003015849999015 0.899748549892882 0.0353897254813529
0.0017 2.5e-07 0.5 D 0.0667 0.01 621 204.444444444444 0.621 0.500952183206198 0.806686285356197 0.5465506094237 0.02880245002114 0.880015704926683 0.0462888137757407
0.0017 2.5e-07 0.5 H 0.0667 0.01 705 158 0.705 0.600727410782688 0.852095618131473 0.63921698317976 0.025546690046035 0.906652340209142 0.0361974941539787
0.0017 2.5e-07 0.5 D 0.0667 0.1 1000 133.67 1 0.810859960274592 0.810859960274592 0.913579449513 0.049490986748525 0.913579449513 0.049490986748525
0.0017 2.5e-07 0.5 H 0.0667 0.1 1000 97.56 1 0.851209118028516 0.851209118028516 0.9348060933535 0.03839552992985 0.9348060933535 0.03839552992985
0.0017 2.5e-07 0.5 D 0.0667 0.5 999 81.76 1 0.810752655137362 0.810752655137362 0.940215853375 0.05966197350811 0.940215853375 0.05966197350811
0.0017 2.5e-07 0.5 H 0.0667 0.5 1000 61.25 1 0.851595179502336 0.851595179502336 0.9541773191 0.04584147653801 0.9541773191 0.04584147653801
0.0017 2.5e-07 0.01 D 0.1334 0.001 8 NA 0.00800000000000001 0.00625740874183516 NA 0.007124859967485 0.00079980000122 0.88647166265625 0.094661666495
0.0017 2.5e-07 0.01 H 0.1334 0.001 83 128.55421686747 0.083 0.0745603517099784 0.898317490481668 0.07770752994858 0.00273739335748 0.936159758427169 0.0328992372359639
0.0017 2.5e-07 0.01 D 0.1334 0.01 189 274.550264550265 0.189 0.147829850749133 0.782168522482186 0.1653803429813 0.018011790027715 0.872797458471481 0.0925178131725926
0.0017 2.5e-07 0.01 H 0.1334 0.01 703 114.395448079659 0.703 0.63413935757547 0.902047450320725 0.662866803300195 0.023877653408095 0.942859824506963 0.0339243955562091
0.0017 2.5e-07 0.01 D 0.1334 0.1 954 123.671548117155 0.956 0.749155991763537 0.783635974648051 0.903905020020815 0.098395000794975 0.945325652058353 0.102693145901328
0.0017 2.5e-07 0.01 H 0.1334 0.1 1000 59.48 1 0.904095822128605 0.904095822128605 0.9692557458815 0.0357078433872 0.9692557458815 0.0357078433872
0.0017 2.5e-07 0.01 D 0.1334 0.5 998 47.6 1 0.783893450247411 0.783893450247411 0.983109636535 0.11168670686035 0.983109636535 0.11168670686035
0.0017 2.5e-07 0.01 H 0.1334 0.5 1000 34.21 1 0.902801000877266 0.902801000877266 0.98269045026 0.040279549886105 0.98269045026 0.040279549886105
0.0017 2.5e-07 0.5 D 0.1334 0.001 111 121.531531531532 0.111 0.0996349288557826 0.897611971673717 0.10318062346915 0.002819863372025 0.929528379596667 0.0253652255848198
0.0017 2.5e-07 0.5 H 0.1334 0.001 144 94.7916666666667 0.144 0.131951120130939 0.91632722313152 0.136156286813195 0.002814743390595 0.94551222323941 0.0195222457699653
0.0017 2.5e-07 0.5 D 0.1334 0.01 840 107.619047619048 0.84 0.752251536556647 0.895537543519818 0.786252919270015 0.02151804011907 0.93600191183131 0.0256040596634167
0.0017 2.5e-07 0.5 H 0.1334 0.01 901 83.6071032186459 0.901 0.828143267941653 0.919137922243788 0.85681465982717 0.017874573526905 0.950954883271521 0.0198331670669312
0.0017 2.5e-07 0.5 D 0.1334 0.1 1000 66.89 1 0.897106265207386 0.897106265207386 0.9553783869465 0.02678108007293 0.9553783869465 0.02678108007293
0.0017 2.5e-07 0.5 H 0.1334 0.1 1000 51.75 1 0.919755771146375 0.919755771146375 0.966177696951 0.020675290255565 0.966177696951 0.020675290255565
0.0017 2.5e-07 0.5 D 0.1334 0.5 1000 43.3 1 0.897467117629232 0.897467117629232 0.968298321 0.031636823680665 0.968298321 0.031636823680665
0.0017 2.5e-07 0.5 H 0.1334 0.5 1000 34.14 1 0.919883183672113 0.919883183672113 0.97575965375 0.02425541017243 0.97575965375 0.02425541017243
0.0034 2.5e-07 0.01 D 0 0.001 0 NA 0.002 1e-04 NA 0.000344960015315 0.00035606330352 0.0879433324625 0.058379983805
0.0034 2.5e-07 0.01 H 0 0.001 0 NA 0.003 1e-04 NA 0.00082879669489 0.000802889993285 0.201511122101667 0.188909997235
0.0034 2.5e-07 0.01 D 0 0.01 0 NA 0.036 0.000773337023217298 0.0213045362843572 0.0105100402357 0.010191483410605 0.2109244497525 0.205264910537778
0.0034 2.5e-07 0.01 H 0 0.01 0 NA 0.031 0.000594408592696514 0.0191744707321456 0.00956073990165 0.009609883223745 0.21130978287371 0.218521501671774
0.0034 2.5e-07 0.01 D 0 0.1 0 NA 0.303 0.00663593578586266 0.0217640036022236 0.096837490155705 0.098171626689685 0.244742795264818 0.248430979391584
0.0034 2.5e-07 0.01 H 0 0.1 0 NA 0.31 0.007058029151367 0.0227559644917972 0.101713147492785 0.10230142016052 0.255525474982581 0.256001516735677
0.0034 2.5e-07 0.01 D 0 0.5 0 NA 0.867 0.0181957136993396 0.0208342450269742 0.495892476357195 0.495178782625255 0.544567339331724 0.543485627679994
0.0034 2.5e-07 0.01 H 0 0.5 0 NA 0.867 0.0162701546313097 0.0187166168368186 0.485843873764805 0.48802495949962 0.533498339484285 0.535209426668322
0.0034 2.5e-07 0.5 D 0 0.001 0 NA 0.002 1e-04 NA 0.000344960015315 0.00035606330352 0.0879433324625 0.058379983805
0.0034 2.5e-07 0.5 H 0 0.001 0 NA 0.003 1e-04 NA 0.00082879669489 0.000802889993285 0.201511122101667 0.188909997235
0.0034 2.5e-07 0.5 D 0 0.01 0 NA 0.036 0.000773337023217298 0.0213045362843572 0.0105100402357 0.010191483410605 0.2109244497525 0.205264910537778
0.0034 2.5e-07 0.5 H 0 0.01 0 NA 0.031 0.000594408592696514 0.0191744707321456 0.00956073990165 0.009609883223745 0.21130978287371 0.218521501671774
0.0034 2.5e-07 0.5 D 0 0.1 0 NA 0.303 0.00663593578586266 0.0217640036022236 0.096837490155705 0.098171626689685 0.0940310570462211 0.0948230467497525
0.0034 2.5e-07 0.5 H 0 0.1 0 NA 0.31 0.007058029151367 0.0227559644917972 0.101713147492785 0.10230142016052 0.112777635274435 0.113807517693226
0.0034 2.5e-07 0.5 D 0 0.5 0 NA 0.867 0.0181957136993396 0.0208342450269742 0.495892476357195 0.495178782625255 0.49510784647985 0.494678076902612
0.0034 2.5e-07 0.5 H 0 0.5 0 NA 0.867 0.0162701546313097 0.0187166168368186 0.485843873764805 0.48802495949962 0.487100404339781 0.4889263586644
0.0034 2.5e-07 0.01 D 0.0067 0.001 0 NA 0.004 0.000142641145772055 NA 0.000861726647975 0.00063764998193 0.18098999262875 0.12737166249125
0.0034 2.5e-07 0.01 H 0.0067 0.001 0 NA 0.00700000000000001 0.000847868000830014 NA 0.003010083320135 0.001800203325985 0.405610472343571 0.236806664460714
0.0034 2.5e-07 0.01 D 0.0067 0.01 0 NA 0.035 0.00206942724173134 0.0590500984747282 0.01402380334208 0.010101053400525 0.298253810119571 0.202152287238571
0.0034 2.5e-07 0.01 H 0.0067 0.01 1 1452.85714285714 0.051 0.0040068019221595 0.078545116101147 0.021434809949165 0.011822403563 0.356915749931569 0.187212225384412
0.0034 2.5e-07 0.01 D 0.0067 0.1 1 1295.68965517241 0.329 0.0158567462273181 0.0480206743583149 0.138382976381505 0.099533066435135 0.353492654168191 0.244005226949894
0.0034 2.5e-07 0.01 H 0.0067 0.1 9 1228.72641509434 0.477 0.0418193289403888 0.0876145608134068 0.21842457676757 0.124440934337075 0.420312403743312 0.236511008066384
0.0034 2.5e-07 0.01 D 0.0067 0.5 5 893.598820058997 0.935 0.0618464352376964 0.066145920040317 0.639881998757105 0.452548673078435 0.671702180542626 0.474618456087572
0.0034 2.5e-07 0.01 H 0.0067 0.5 23 919.276315789474 0.973 0.09080864050005 0.0933089607176015 0.66133931986175 0.41713815003741 0.673901962790339 0.425164337219404
0.0034 2.5e-07 0.5 D 0.0067 0.001 0 NA 0.003 1e-04 NA 0.000764236668435 0.000477829992985 0.222977780766667 0.127354441631667
0.0034 2.5e-07 0.5 H 0.0067 0.001 1 NA 0.00800000000000001 0.000653543633626943 NA 0.002910779986745 0.00145480330266 0.327403333015 0.160684163765
0.0034 2.5e-07 0.5 D 0.0067 0.01 0 NA 0.073 0.00381571433984978 0.052270059449997 0.024578106319025 0.01384624660752 0.286456434514726 0.159074930617123
0.0034 2.5e-07 0.5 H 0.0067 0.01 3 1314.59459459459 0.087 0.00811115193823323 0.0932316314739451 0.03388167983609 0.01617845322752 0.36027601411092 0.170325477906149
0.0034 2.5e-07 0.5 D 0.0067 0.1 3 1227.52212389381 0.484 0.0291642789602902 0.0602470876351694 0.195172153874135 0.11247151955423 0.198193010726705 0.113051177167686
0.0034 2.5e-07 0.5 H 0.0067 0.1 10 1163.03135888502 0.599 0.0539661741527753 0.0900125742881888 0.26361039029903 0.132922923610615 0.263781809373139 0.134630166623013
0.0034 2.5e-07 0.5 D 0.0067 0.5 9 909.756838905775 0.944 0.0563231457664683 0.0596643493288859 0.579366843041105 0.404138477240005 0.580836814711854 0.405651059976949
0.0034 2.5e-07 0.5 H 0.0067 0.5 20 889.982935153584 0.971 0.0856094518704955 0.0881548192839255 0.616215190713365 0.377586630507105 0.616438617153326 0.378040937806375
0.0034 2.5e-07 0.01 D 0.01333 0.001 0 NA 0.004 0.000504575322325777 NA 0.001333500018585 0.000685360069865 0.303895833715 0.145345017195
0.0034 2.5e-07 0.01 H 0.01333 0.001 5 1167.27272727273 0.011 0.00293413056323759 0.266739142112508 0.0054290000113 0.002046573364765 0.470538182250455 0.173840912516818
0.0034 2.5e-07 0.01 D 0.01333 0.01 6 1259.73684210526 0.051 0.00822452240571331 0.161265145210065 0.0246994133106 0.013387623470645 0.434619934264804 0.222197256616471
0.0034 2.5e-07 0.01 H 0.01333 0.01 32 950.285714285714 0.11 0.0250027579991576 0.227297799992342 0.060832006718015 0.0239403603303 0.538937819346318 0.209481790681091
0.0034 2.5e-07 0.01 D 0.01333 0.1 57 1070.87301587302 0.459 0.07707660984551 0.167922897266906 0.255689439548135 0.137431392464705 0.528737950745229 0.275137079286176
0.0034 2.5e-07 0.01 H 0.01333 0.1 256 771.737931034483 0.739 0.180882900909286 0.244767118957086 0.454955060075565 0.18076536998386 0.609742936245771 0.241017370329114
0.0034 2.5e-07 0.01 D 0.01333 0.5 139 554.82088024565 0.994 0.186189505301119 0.187313385614808 0.789620896550035 0.4185550896381 0.79339578789336 0.420442779623089
0.0034 2.5e-07 0.01 H 0.01333 0.5 331 332.37 1 0.240525039007169 0.240525039007169 0.7907366734565 0.3436076506033 0.7907366734565 0.3436076506033
0.0034 2.5e-07 0.5 D 0.01333 0.001 0 NA 0.00700000000000001 0.000906557190939417 NA 0.00298545672792 0.001236983369925 0.411911914124286 0.166412862101429
0.0034 2.5e-07 0.5 H 0.01333 0.001 9 981.578947368421 0.019 0.00489628193297424 0.257699049103908 0.00955605651971 0.00300132324353 0.498836834325789 0.155566135705526
0.0034 2.5e-07 0.5 D 0.01333 0.01 16 1160.38759689922 0.154 0.0238641704230718 0.154962145604362 0.06840592006746 0.025997560105195 0.433149588936818 0.163595000720065
0.0034 2.5e-07 0.5 H 0.01333 0.01 64 787.978723404255 0.189 0.045214831558154 0.239231913006106 0.10408927998834 0.033430777145465 0.546675625932513 0.174715064254312
0.0034 2.5e-07 0.5 D 0.01333 0.1 88 965.319444444444 0.785 0.129367646572377 0.164799549773729 0.408928094024625 0.166027750510375 0.404377512444694 0.163065575515357
0.0034 2.5e-07 0.5 H 0.01333 0.1 296 645.925085130533 0.884 0.210730152776135 0.238382525764859 0.528661869718975 0.17648756329861 0.528926606045209 0.176309061119898
0.0034 2.5e-07 0.5 D 0.01333 0.5 127 565.488565488566 0.991 0.162906007182455 0.164365582931563 0.675700974129805 0.32066383022554 0.674966395004849 0.319790538372392
0.0034 2.5e-07 0.5 H 0.01333 0.5 314 321.48 1 0.23196784833841 0.23196784833841 0.72449803027435 0.27810445301022 0.72449803027435 0.27810445301022
0.0034 2.5e-07 0.01 D 0.02667 0.001 5 NA 0.005 0.00196419572623405 NA 0.002625890030535 0.00098202998554 0.505989340162 0.178453996466
0.0034 2.5e-07 0.01 H 0.02667 0.001 18 526.666666666667 0.018 0.00839552902276812 0.466418279042674 0.01253065997687 0.003073150051035 0.694259998825556 0.168929447320278
0.0034 2.5e-07 0.01 D 0.02667 0.01 53 770.821917808219 0.074 0.0255817921431971 0.345699893826988 0.047797023284685 0.018249080051725 0.622645315289054 0.226430540576892
0.0034 2.5e-07 0.01 H 0.02667 0.01 207 458.301886792453 0.212 0.0969103549932582 0.457124316005935 0.15445080328386 0.03845370640189 0.726245298449245 0.179713426432123
0.0034 2.5e-07 0.01 D 0.02667 0.1 443 606.803278688525 0.617 0.217581429545973 0.352644132165272 0.436927517209555 0.163681803132925 0.698289368662958 0.256940550687504
0.0034 2.5e-07 0.01 H 0.02667 0.1 901 305.91684434968 0.938 0.419561501677702 0.447293711809917 0.742381430009315 0.188153960200745 0.791031236711743 0.200293966100197
0.0034 2.5e-07 0.01 D 0.02667 0.5 742 154.54 1 0.352412942948907 0.352412942948907 0.8860827261 0.334771340333 0.8860827261 0.334771340333
0.0034 2.5e-07 0.01 H 0.02667 0.5 967 104.69 1 0.452623008019319 0.452623008019319 0.878499869185 0.238017783419 0.878499869185 0.238017783419
0.0034 2.5e-07 0.5 D 0.02667 0.001 17 453.5 0.02 0.00807596550127488 0.403798275063744 0.013199813366125 0.003125393404885 0.65794550148425 0.15509900361375
0.0034 2.5e-07 0.5 H 0.02667 0.001 29 402.758620689655 0.029 0.013702097933448 0.472486135636138 0.020339390074765 0.0038403599208 0.700475519855862 0.131563560498276
0.0034 2.5e-07 0.5 D 0.02667 0.01 244 472.790697674419 0.301 0.111930047507439 0.371860622948303 0.19831814307808 0.0468354395817 0.657342623683671 0.154696045091578
0.0034 2.5e-07 0.5 H 0.02667 0.01 362 346.648501362398 0.367 0.171567109254964 0.467485311321428 0.264898007018785 0.04925770330344 0.721173524999428 0.133798628437398
0.0034 2.5e-07 0.5 D 0.02667 0.1 777 340.846233230134 0.969 0.35826583988852 0.369727388945841 0.686014434078215 0.16789136661388 0.685831011936032 0.167632390724706
0.0034 2.5e-07 0.5 H 0.02667 0.1 968 222.068273092369 0.996 0.466178644966613 0.468050848360053 0.7678732333151 0.145736509638625 0.767856810552309 0.145691335012224
0.0034 2.5e-07 0.5 D 0.02667 0.5 817 157.02 1 0.370587684026406 0.370587684026406 0.784779485565 0.212549980567 0.784779485565 0.212549980567
0.0034 2.5e-07 0.5 H 0.02667 0.5 978 106.14 1 0.46686281135553 0.46686281135553 0.8270634931 0.173161304371 0.8270634931 0.173161304371
0.0034 2.5e-07 0.01 D 0.05333 0.001 3 NA 0.003 0.00152574322565278 NA 0.002460066644495 0.000671550027265 0.782211103 0.192633341091667
0.0034 2.5e-07 0.01 H 0.05333 0.001 38 275.526315789474 0.038 0.0240722030758372 0.633479028311506 0.031440036658885 0.00462367011896 0.826713771683553 0.121256055806447
0.0034 2.5e-07 0.01 D 0.05333 0.01 113 502.83185840708 0.113 0.0580279980078775 0.513522106264403 0.08496182662364 0.022259310046745 0.743033598239602 0.188147227428009
0.0034 2.5e-07 0.01 H 0.05333 0.01 384 237.760416666667 0.384 0.247161773532712 0.643650451908105 0.324346789470945 0.04814208677378 0.844208748613164 0.125021510683112
0.0034 2.5e-07 0.01 D 0.05333 0.1 795 297.110552763819 0.796 0.411393671569017 0.516826220564092 0.66824231605249 0.172807226171365 0.836981540339862 0.214966950842205
0.0034 2.5e-07 0.01 H 0.05333 0.1 998 127.374749498998 0.998 0.644458174284142 0.645749673631405 0.8923571398481 0.133610017305465 0.894137551617936 0.133872849671573
0.0034 2.5e-07 0.01 D 0.05333 0.5 1000 64.37 1 0.518973418739072 0.518973418739072 0.93688212561 0.2469960270035 0.93688212561 0.2469960270035
0.0034 2.5e-07 0.01 H 0.05333 0.5 1000 48.88 1 0.643639640537274 0.643639640537274 0.93238946705 0.1478643240155 0.93238946705 0.1478643240155
0.0034 2.5e-07 0.5 D 0.05333 0.001 41 234.634146341463 0.041 0.0241898943356628 0.589997422821044 0.032643399884425 0.00408515674129 0.795848615028171 0.0993742295179268
0.0034 2.5e-07 0.5 H 0.05333 0.001 73 191.780821917808 0.073 0.0481461440386234 0.65953621970717 0.06089274002915 0.00598980977074 0.83403488624226 0.08193027085
0.0034 2.5e-07 0.5 D 0.05333 0.01 545 228.807339449541 0.545 0.320414641939157 0.587916774200288 0.435277999828045 0.056178403148305 0.798507333017817 0.102941748908615
0.0034 2.5e-07 0.5 H 0.05333 0.01 610 169.311475409836 0.61 0.409645172954376 0.671549463859633 0.51468201343324 0.050637957276125 0.843648644965041 0.0829425802328361
0.0034 2.5e-07 0.5 D 0.05333 0.1 999 132.652652652653 0.999 0.593020356885171 0.593613970856027 0.83905268928915 0.10992844427063 0.839040232862012 0.109934815764394
0.0034 2.5e-07 0.5 H 0.05333 0.1 1000 93.26 1 0.672778682992131 0.672778682992131 0.876822986535 0.08767788033366 0.876822986535 0.08767788033366
0.0034 2.5e-07 0.5 D 0.05333 0.5 1000 65.91 1 0.593410828118593 0.593410828118593 0.874162770505 0.1249670203455 0.874162770505 0.1249670203455
0.0034 2.5e-07 0.5 H 0.05333 0.5 1000 49.2 1 0.672213602830661 0.672213602830661 0.90222054054 0.0981164775435 0.90222054054 0.0981164775435
0.0034 2.5e-07 0.01 D 0.0667 0.001 7 NA 0.00700000000000001 0.00397219096112421 NA 0.005243993348885 0.00123411007196 0.74281762136 0.169953819637857
0.0034 2.5e-07 0.01 H 0.0667 0.001 47 227.446808510638 0.047 0.031831693750288 0.677270079793361 0.040244096769895 0.004920073392575 0.855969718497021 0.104402057998936
0.0034 2.5e-07 0.01 D 0.0667 0.01 120 416.333333333333 0.12 0.0679945579128161 0.566621315940134 0.095061333337425 0.022191649685945 0.784445583313417 0.176971191878708
0.0034 2.5e-07 0.01 H 0.0667 0.01 457 195.382932166302 0.457 0.318356947776513 0.696623518110533 0.397824753150165 0.04899008729622 0.870215273098906 0.106982123917385
0.0034 2.5e-07 0.01 D 0.0667 0.1 844 238.388625592417 0.844 0.476628683235487 0.564725928004132 0.732029967175545 0.168907344004225 0.865876947684568 0.198818977943199
0.0034 2.5e-07 0.01 H 0.0667 0.1 1000 97.68 1 0.695028697254038 0.695028697254038 0.9152202074332 0.11420200734857 0.9152202074332 0.11420200734857
0.0034 2.5e-07 0.01 D 0.0667 0.5 1000 51.43 1 0.565494795403396 0.565494795403396 0.947936619325 0.222397133177 0.947936619325 0.222397133177
0.0034 2.5e-07 0.01 H 0.0667 0.5 1000 39.72 1 0.69628359519634 0.69628359519634 0.944220893265 0.1250216614975 0.944220893265 0.1250216614975
0.0034 2.5e-07 0.5 D 0.0667 0.001 48 199.791666666667 0.048 0.0313014120057426 0.652112750119637 0.03968892693148 0.004094653231475 0.826539519390417 0.0851308312378125
0.0034 2.5e-07 0.5 H 0.0667 0.001 86 154.53488372093 0.086 0.0617738608205901 0.718300707216164 0.07424836357372 0.0059159967411 0.863289808998198 0.0687125977597674
0.0034 2.5e-07 0.5 D 0.0667 0.01 616 178.928571428571 0.616 0.400622384457065 0.650361013729001 0.514402476469865 0.053858446698045 0.834965849247492 0.0873434037333198
0.0034 2.5e-07 0.5 H 0.0667 0.01 700 137.042857142857 0.7 0.508100258942717 0.725857512775311 0.60998659992585 0.048536843579555 0.871366442747086 0.0693003527337
0.0034 2.5e-07 0.5 D 0.0667 0.1 1000 101.69 1 0.654752771329312 0.654752771329312 0.868855842717 0.09230600024878 0.868855842717 0.09230600024878
0.0034 2.5e-07 0.5 H 0.0667 0.1 1000 73.5 1 0.725748067532043 0.725748067532043 0.899687569898 0.07276964739627 0.899687569898 0.07276964739627
0.0034 2.5e-07 0.5 D 0.0667 0.5 1000 52.63 1 0.657475498499316 0.657475498499316 0.895788799985 0.103598750583 0.895788799985 0.103598750583
0.0034 2.5e-07 0.5 H 0.0667 0.5 1000 40.2 1 0.726214320328528 0.726214320328528 0.919360889815 0.0807932876912 0.919360889815 0.0807932876912
0.0034 2.5e-07 0.01 D 0.1334 0.001 7 NA 0.00700000000000001 0.00489696805188065 NA 0.00579675994786 0.0009306333638 0.821633801581429 0.127116194998571
0.0034 2.5e-07 0.01 H 0.1334 0.001 81 121.358024691358 0.081 0.0659440342729564 0.814123879913042 0.074656710073375 0.00508145336271 0.921609712851296 0.0626543213490741
0.0034 2.5e-07 0.01 D 0.1334 0.01 190 277.789473684211 0.19 0.128617367393733 0.676933512598597 0.16297928397082 0.02622016676057 0.855132301565026 0.135162368951868
0.0034 2.5e-07 0.01 H 0.1334 0.01 700 106.757142857143 0.7 0.573913133634855 0.819875905192649 0.650050897340815 0.044603716968755 0.9285927009554 0.0636793051941286
0.0034 2.5e-07 0.01 D 0.1334 0.1 953 114.092339979014 0.953 0.65226525824321 0.684433639289832 0.888947053857995 0.14238272327224 0.93258845453681 0.14922326679425
0.0034 2.5e-07 0.01 H 0.1334 0.1 1000 49.67 1 0.820689860356003 0.820689860356003 0.955669870311 0.066506196856935 0.955669870311 0.066506196856935
0.0034 2.5e-07 0.01 D 0.1334 0.5 1000 29.51 1 0.691631536685225 0.691631536685225 0.97116264958 0.1589405132165 0.97116264958 0.1589405132165
0.0034 2.5e-07 0.01 H 0.1334 0.5 1000 22.81 1 0.819859884693438 0.819859884693438 0.96932914417 0.0713320969308 0.96932914417 0.0713320969308
0.0034 2.5e-07 0.5 D 0.1334 0.001 115 107.826086956522 0.115 0.0924758405979088 0.804137744329642 0.103956546883035 0.005649596675735 0.903944726515348 0.049092956602913
0.0034 2.5e-07 0.5 H 0.1334 0.001 142 83.4507042253521 0.142 0.119294965482318 0.840105390720549 0.13145779010582 0.00547622335153 0.925740634547007 0.038540164449507
0.0034 2.5e-07 0.5 D 0.1334 0.01 844 93.0094786729858 0.844 0.676889860863717 0.80200220481483 0.76859037931447 0.04205538670244 0.910639015777488 0.0498160466453673
0.0034 2.5e-07 0.5 H 0.1334 0.01 897 71.9063545150502 0.897 0.756964487108275 0.84388460101257 0.835540473195925 0.03483632998975 0.931478022887447 0.0388314715601617
0.0034 2.5e-07 0.5 D 0.1334 0.1 1000 50.62 1 0.803092571932751 0.803092571932751 0.930213129406 0.05149485674835 0.930213129406 0.05149485674835
0.0034 2.5e-07 0.5 H 0.1334 0.1 1000 39.54 1 0.846235049194352 0.846235049194352 0.9466372188255 0.040005113469485 0.9466372188255 0.040005113469485
0.0034 2.5e-07 0.5 D 0.1334 0.5 1000 29.83 1 0.806448006575861 0.806448006575861 0.943162359815 0.0565865165955 0.943162359815 0.0565865165955
0.0034 2.5e-07 0.5 H 0.1334 0.5 1000 22.99 1 0.84540140180863 0.84540140180863 0.956308422575 0.04376961321985 0.956308422575 0.04376961321985
