m rec h chrm s f pfix mtfix pkeep fstall fstcb meangen_p1all meangen_p2all meangen_p1cb meangen_2cb
0 2.5e-07 0.01 A 0 0.001 1 NA 0.002 0.00135992716230119 NA 0.00115807005617 0.00011314665076 0.55626836135 0
0 2.5e-07 0.01 X 0 0.001 0 NA 0 0.000631616818053514 NA 0.00030387999172 0.00042251110855 NA NA
0 2.5e-07 0.01 A 0 0.01 2 NA 0.019 0.0179846870773937 0.350722811658222 0.010098110100705 0.01111050998452 0.00292787868954545 0.000525303063181818
0 2.5e-07 0.01 X 0 0.01 5 NA 0.019 0.0197677025380666 0.538001347645729 0.01115313792166 0.009348595499055 0.451532635262632 0.00168795264105263
0 2.5e-07 0.01 A 0 0.1 32 1518.75 0.196 0.14094883075339 0.42547330543856 0.105379790224345 0.085715506474625 0.412841803629515 0.0694390304461224
0 2.5e-07 0.01 X 0 0.1 47 1332.34042553191 0.15 0.157883063586288 0.546522120450235 0.100209235104415 0.099465430554035 0.518423110917 0.105961450844733
0 2.5e-07 0.01 A 0 0.5 78 1411.77215189873 0.687 0.394424447697268 0.366075444145937 0.49556870271168 0.51778129093951 0.641453114104833 0.524219170827038
0 2.5e-07 0.01 X 0 0.5 150 1269.8 0.643 0.431001747457958 0.418204880204446 0.502644403917865 0.482612559600235 0.697025718924572 0.47846889953465
0 2.5e-07 0.5 A 0 0.001 1 NA 0.002 0.00135992716230119 NA 0.00115807005617 0.00011314665076 0.55626836135 0
0 2.5e-07 0.5 X 0 0.001 0 NA 0 0.000631616818053514 NA 0.00030387999172 0.00042251110855 NA NA
0 2.5e-07 0.5 A 0 0.01 2 NA 0.022 0.0179846870773937 0.350722811658222 0.010098110100705 0.01111050998452 0.324786975495455 0.00247787919363636
0 2.5e-07 0.5 X 0 0.01 5 NA 0.019 0.0197677025380666 0.538001347645729 0.01115313792166 0.009348595499055 0.451532635262632 0.00168795264105263
0 2.5e-07 0.5 A 0 0.1 32 1518.75 0.196 0.14094883075339 0.42547330543856 0.105379790224345 0.085715506474625 0.412841803629515 0.0694390304461224
0 2.5e-07 0.5 X 0 0.1 47 1332.34042553191 0.15 0.157883063586288 0.546522120450235 0.100209235104415 0.099465430554035 0.518423110917 0.105961450844733
0 2.5e-07 0.5 A 0 0.5 78 1411.77215189873 0.687 0.394424447697268 0.366075444145937 0.49556870271168 0.51778129093951 0.641453114104833 0.524219170827038
0 2.5e-07 0.5 X 0 0.5 150 1269.8 0.643 0.431001747457958 0.418204880204446 0.502644403917865 0.482612559600235 0.697025718924572 0.47846889953465
0 2.5e-07 0.01 A 0.0067 0.001 2 NA 0.002 0.002 NA 0.00168383335597 7.951334141e-05 0.8187133446 0
0 2.5e-07 0.01 X 0.0067 0.001 1 NA 0.001 0.001 NA 0.00114830662993 5.1862219375e-05 0.8737688609 1.333335e-05
0 2.5e-07 0.01 A 0.0067 0.01 33 1396.36363636364 0.041 0.0380658729614481 0.927072412193456 0.025998183382165 0.004222206693745 0.579446179674878 0.00533430927182927
0 2.5e-07 0.01 X 0.0067 0.01 59 1100.33898305085 0.0600000000000001 0.0599480513155678 0.999134188592796 0.044273360076315 0.001831800039015 0.717735409018083 0.00228614791166667
0 2.5e-07 0.01 A 0.0067 0.1 307 1226.32258064516 0.373 0.350707445805043 0.92950147198585 0.26108661048052 0.03958589367259 0.665059367189678 0.0396168814508713
0 2.5e-07 0.01 X 0.0067 0.1 456 1049.2576419214 0.48 0.473058237259117 0.985359353591805 0.364148092495885 0.019553906320645 0.741761007963115 0.0192621295455729
0 2.5e-07 0.01 A 0.0067 0.5 783 1187.62755102041 0.98 0.919229600305496 0.936653274819295 0.883709333616105 0.172494569811095 0.899573462862944 0.171437591653087
0 2.5e-07 0.01 X 0.0067 0.5 958 889.885177453027 0.983 0.974988984845547 0.991816812812113 0.90240060392278 0.102974217437635 0.916945671408901 0.102509532790025
0 2.5e-07 0.5 A 0.0067 0.001 2 NA 0.005 0.00443821430553913 NA 0.00295881000095 2.957333061e-05 0.56415733154 5.666663e-05
0 2.5e-07 0.5 X 0.0067 0.001 3 NA 0.003 0.003 NA 0.00245524443463 3.883555533e-05 0.740282957683333 4.44445e-06
0 2.5e-07 0.5 A 0.0067 0.01 72 1388.75 0.101 0.0926873762248052 0.917696794305002 0.059817889995005 0.001757623334375 0.579093201561931 0.000708448846732673
0 2.5e-07 0.5 X 0.0067 0.01 78 1141.79487179487 0.082 0.080908516300893 0.986689223181622 0.059345071035975 0.00102139108068 0.708801246109634 0.00174476980158537
0 2.5e-07 0.5 A 0.0067 0.1 547 1278.27898550725 0.657 0.626339093930986 0.951323604618157 0.44808868319281 0.016561083372085 0.452874048868128 0.0158816843690639
0 2.5e-07 0.5 X 0.0067 0.1 597 1099.46488294314 0.634 0.622013888935087 0.980861087705031 0.4737178395155 0.01336010187002 0.48319391486224 0.0127462806793691
0 2.5e-07 0.5 A 0.0067 0.5 896 1125.17817371938 0.995 0.966181291862925 0.971036474234096 0.869261182605185 0.131229422882945 0.873075744642864 0.131140056499975
0 2.5e-07 0.5 X 0.0067 0.5 972 886.443987667009 0.99 0.981297657652944 0.991209755204994 0.89886319468095 0.09257714687204 0.90715937511404 0.0925039732974798
0 2.5e-07 0.01 A 0.01333 0.001 2 NA 0.002 0.002 NA 0.00176951002252 8.976333576e-05 0.86146167635 0
0 2.5e-07 0.01 X 0.01333 0.001 7 NA 0.00700000000000001 0.007 NA 0.00546563113499 4.246666704e-05 0.771087622257143 1.20635e-05
0 2.5e-07 0.01 A 0.01333 0.01 57 1055.43859649123 0.0610000000000001 0.058649112336185 0.958419702166016 0.041521733324425 0.003306819964955 0.658762021671639 0.00329655768336066
0 2.5e-07 0.01 X 0.01333 0.01 98 775.714285714286 0.099 0.0989929132006585 0.999928416168267 0.078591950989855 0.00098167107493 0.788165924882677 0.00186204252136364
0 2.5e-07 0.01 A 0.01333 0.1 487 953.183673469388 0.497 0.495352900490489 0.995934904112891 0.39012567379552 0.025977023381265 0.770189249603924 0.0254671630732394
0 2.5e-07 0.01 X 0.01333 0.1 711 700.617110799439 0.713 0.71297352995982 0.999962875118962 0.60231507064566 0.010331661656875 0.841493949962483 0.0108430599972581
0 2.5e-07 0.01 A 0.01333 0.5 934 919.529411764706 0.999 0.98268135096044 0.983665015976416 0.95483200324275 0.099367723334875 0.955756973553554 0.0994001334605355
0 2.5e-07 0.01 X 0.01333 0.5 999 564.824824824825 1 0.999956521781663 0.999956521781663 0.962975812835 0.051404728651885 0.962975812835 0.051404728651885
0 2.5e-07 0.5 A 0.01333 0.001 12 1057.5 0.012 0.012 1 0.00874661667764 2.5629997875e-05 0.724787500727917 4.58333075e-05
0 2.5e-07 0.5 X 0.01333 0.001 18 851.666666666667 0.018 0.018 1 0.014158866578255 3.251555789e-05 0.784548884158056 1.95061519444444e-05
0 2.5e-07 0.5 A 0.01333 0.01 185 1056.32432432432 0.186 0.18597758799525 0.999879505350806 0.139560963498215 0.00089694330295 0.746767330491882 0.000845967832553763
0 2.5e-07 0.5 X 0.01333 0.01 161 737.577639751553 0.161 0.161 1 0.132409786121515 0.000513995555105 0.81974936872472 0.000576811570279503
0 2.5e-07 0.5 A 0.01333 0.1 862 895.760368663594 0.873 0.872459362885887 0.999380713500444 0.711830143487385 0.007769093366615 0.708009755796375 0.00781294007978236
0 2.5e-07 0.5 X 0.01333 0.1 861 699.212050984936 0.863 0.86297352995982 0.999969327879282 0.73956878166731 0.006231902062925 0.743511852083134 0.00630223232058517
0 2.5e-07 0.5 A 0.01333 0.5 999 702.2 1 0.999998666889185 0.999998666889185 0.94201617631 0.059096116882925 0.94201617631 0.059096116882925
0 2.5e-07 0.5 X 0.01333 0.5 1000 515.46 1 1 1 0.9568092753575 0.04182058618183 0.9568092753575 0.04182058618183
0 2.5e-07 0.01 A 0.02667 0.001 3 NA 0.003 0.003 NA 0.002523343324535 8.430334996e-05 0.825799997616667 0.000108888933333333
0 2.5e-07 0.01 X 0.02667 0.001 14 544.285714285714 0.014 0.014 1 0.01195074662981 2.513778178e-05 0.849281267735357 6.34921035714286e-06
0 2.5e-07 0.01 A 0.02667 0.01 89 738.202247191011 0.089 0.089 1 0.0689809733124 0.00181572673031 0.765312134472528 0.00117520605567416
0 2.5e-07 0.01 X 0.02667 0.01 181 488.674033149171 0.181 0.181 1 0.15699669289118 0.000483297775965 0.865398696157818 0.000764689957734807
0 2.5e-07 0.01 A 0.02667 0.1 647 655.966257668712 0.654 0.653914172824869 0.999842322365296 0.5586484030991 0.016579120224085 0.84900776726659 0.0168410705712768
0 2.5e-07 0.01 X 0.02667 0.1 896 400.189309576837 0.898 0.89798060221554 0.999978398903719 0.82017075055614 0.005098528688115 0.912771575779833 0.00515352612652004
0 2.5e-07 0.01 A 0.02667 0.5 993 672.313883299799 1 0.999400127441701 0.999400127441701 0.979808959875 0.05346200705279 0.979808959875 0.05346200705279
0 2.5e-07 0.01 X 0.02667 0.5 1000 340.72 1 1 1 0.982860252975 0.025830035197025 0.982860252975 0.025830035197025
0 2.5e-07 0.5 A 0.02667 0.001 23 671.25 0.024 0.0239986668891849 0.999944453716038 0.019856513302565 1.5473329895e-05 0.826418748721667 9.8333290625e-05
0 2.5e-07 0.5 X 0.02667 0.001 32 493.4375 0.032 0.032 1 0.02833604890001 2.0662223635e-05 0.884628055838594 1.6805545e-05
0 2.5e-07 0.5 A 0.02667 0.01 335 649.196428571429 0.336 0.335998666889185 0.999996032408288 0.28461887997604 0.000390083344165 0.846294880869405 0.000321974216473214
0 2.5e-07 0.5 X 0.02667 0.01 293 478.532423208191 0.293 0.293 1 0.259487159956855 0.000267008885855 0.885007978643515 0.000287584380819113
0 2.5e-07 0.5 A 0.02667 0.1 977 513.865717192269 0.983 0.982978737005548 0.999978369283365 0.88916272279394 0.00391077999724 0.888987432446531 0.00391776534008138
0 2.5e-07 0.5 X 0.02667 0.1 974 397.952917093142 0.977 0.976957670473262 0.99995667397468 0.90588718602593 0.002969439901255 0.906306415813183 0.00295447278567554
0 2.5e-07 0.5 A 0.02667 0.5 999 394.23 1 0.999998666889185 0.999998666889185 0.97264509627 0.027404880094475 0.97264509627 0.027404880094475
0 2.5e-07 0.5 X 0.02667 0.5 1000 296.35 1 1 1 0.979680626585 0.0202788527956 0.979680626585 0.0202788527956
0 2.5e-07 0.01 A 0.05333 0.001 5 NA 0.005 0.005 NA 0.004202633316085 5.486667691e-05 0.83326733141 7.0666697e-05
0 2.5e-07 0.01 X 0.05333 0.001 32 318.75 0.032 0.032 1 0.02907460003337 1.524888935e-05 0.907626389899687 1.361110265625e-05
0 2.5e-07 0.01 A 0.05333 0.01 120 489.833333333333 0.12 0.12 1 0.100753496567495 0.001350756655295 0.834364693675458 0.000721055550708333
0 2.5e-07 0.01 X 0.05333 0.01 315 301.873015873016 0.315 0.315 1 0.288749270916745 0.0002550799933 0.916148218079873 0.000242708997587302
0 2.5e-07 0.01 A 0.05333 0.1 824 430.10843373494 0.83 0.829980055784931 0.999975970825218 0.752695546709525 0.009898733523635 0.905483144638434 0.0100048798013614
0 2.5e-07 0.01 X 0.05333 0.1 985 220.324543610548 0.986 0.985998223579238 0.999998198356225 0.94269030613934 0.002543635375855 0.956041365248327 0.00255180509307302
0 2.5e-07 0.01 A 0.05333 0.5 999 495.61 1 0.999998666889185 0.999998666889185 0.99025027305 0.030205326352995 0.99025027305 0.030205326352995
0 2.5e-07 0.01 X 0.05333 0.5 1000 211.53 1 1 1 0.991725617385 0.013356288866295 0.991725617385 0.013356288866295
0 2.5e-07 0.5 A 0.05333 0.001 49 387.2 0.05 0.0499986668891849 0.999973337783698 0.045219639945255 9.69333254e-06 0.9041938655827 1.44666706e-05
0 2.5e-07 0.5 X 0.05333 0.001 63 288.90625 0.0639999999999999 0.0639964503113464 0.999944536114788 0.059690506619645 9.311113495e-06 0.932477429784766 1.027777703125e-05
0 2.5e-07 0.5 A 0.05333 0.01 548 365.938069216758 0.549 0.548998666889185 0.999997571747149 0.502656239854815 0.00018860999715 0.915443108407851 0.000175166971448087
0 2.5e-07 0.5 X 0.05333 0.01 520 280.365384615385 0.52 0.52 1 0.48593771094191 0.00013585778284 0.934385606503577 0.000129196590346154
0 2.5e-07 0.5 A 0.05333 0.1 994 289.89 1 0.999978737005548 0.999978737005548 0.9535018464845 0.001993403384755 0.9535018464845 0.001993403384755
0 2.5e-07 0.5 X 0.05333 0.1 996 220.040080160321 0.998 0.99798060221554 0.999980563342224 0.96308491497865 0.00146854214711 0.963082462137926 0.0014638075440982
0 2.5e-07 0.5 A 0.05333 0.5 999 231.45 1 0.999998666889185 0.999998666889185 0.98650426625 0.0136560200643 0.98650426625 0.0136560200643
0 2.5e-07 0.5 X 0.05333 0.5 1000 174.67 1 1 1 0.98998119071 0.01005443091722 0.98998119071 0.01005443091722
0 2.5e-07 0.01 A 0.0667 0.001 6 NA 0.00600000000000001 0.006 NA 0.005170493326335 5.5516668125e-05 0.85568388865 5.88889141666667e-05
0 2.5e-07 0.01 X 0.0667 0.001 43 261.162790697674 0.043 0.043 1 0.039708719917955 1.318222281e-05 0.923028318424186 1.14728601162791e-05
0 2.5e-07 0.01 A 0.0667 0.01 129 443.488372093023 0.129 0.129 1 0.110410000020095 0.001205493381885 0.851352015732209 0.00109630487872093
0 2.5e-07 0.01 X 0.0667 0.01 377 252.679045092838 0.377 0.377 1 0.35027114643503 0.00020926223227 0.928767273176247 0.000206743316087533
0 2.5e-07 0.01 A 0.0667 0.1 865 386.188289322618 0.871 0.870982702569483 0.999980140722713 0.80375031340727 0.009119826835745 0.9219583850969 0.00917160748599885
0 2.5e-07 0.01 X 0.0667 0.1 991 181.461693548387 0.992 0.991998223579238 0.999998209253264 0.95759583953085 0.00206339982576 0.96530847174753 0.00206964588102319
0 2.5e-07 0.01 A 0.0667 0.5 999 436.14 1 0.999998666889185 0.999998666889185 0.992258192915 0.02466812691181 0.992258192915 0.02466812691181
0 2.5e-07 0.01 X 0.0667 0.5 1000 179.52 1 1 1 0.993431906245 0.01059316433791 0.993431906245 0.01059316433791
0 2.5e-07 0.5 A 0.0667 0.001 63 332.65625 0.0639999999999999 0.0639986668891849 0.999979170143514 0.05893906993797 7.996665435e-06 0.920825051125547 1.2343748359375e-05
0 2.5e-07 0.5 X 0.0667 0.001 77 243.717948717949 0.078 0.0779964503113464 0.999954491171108 0.0735440044753 7.684445665e-06 0.94275151036891 8.66096557692308e-06
0 2.5e-07 0.5 A 0.0667 0.01 621 310.032102728732 0.623 0.622996004438232 0.999993586578222 0.579288096854915 0.000137396662585 0.929749711375915 0.00013233814570626
0 2.5e-07 0.5 X 0.0667 0.01 609 235.475409836066 0.61 0.609994680187939 0.999991278996621 0.57696869752608 0.00010380001144 0.945790170799197 0.000102010945
0 2.5e-07 0.5 A 0.0667 0.1 994 239.72 1 0.999980055784931 0.999980055784931 0.963339379908 0.00159367667741 0.963339379908 0.00159367667741
0 2.5e-07 0.5 X 0.0667 0.1 998 182.12 1 0.99998060221554 0.99998060221554 0.9723409950875 0.0011690310563 0.9723409950875 0.0011690310563
0 2.5e-07 0.5 A 0.0667 0.5 999 192.68 1 0.999998666889185 0.999998666889185 0.989178026555 0.01084963329401 0.989178026555 0.01084963329401
0 2.5e-07 0.5 X 0.0667 0.5 1000 146.55 1 1 1 0.992067968235 0.008032328954425 0.992067968235 0.008032328954425
0 2.5e-07 0.01 A 0.1334 0.001 9 NA 0.00900000000000001 0.009 NA 0.008069599981335 3.5303336725e-05 0.892711479133333 3.96296466666667e-05
0 2.5e-07 0.01 X 0.1334 0.001 82 156.385542168675 0.083 0.0829964503113464 0.999957232666824 0.07924381328358 7.911111675e-06 0.954575956567771 6.21151228915663e-06
0 2.5e-07 0.01 A 0.1334 0.01 186 277.365591397849 0.186 0.186 1 0.168464209784605 0.000777843342875 0.903846486292688 0.000596254461048387
0 2.5e-07 0.01 X 0.1334 0.01 611 149.689034369885 0.611 0.611 1 0.585590341734895 0.000107680001155 0.95836109031428 0.000106390252021277
0 2.5e-07 0.01 A 0.1334 0.1 959 258.869294605809 0.964 0.963989346425511 0.999988948574182 0.92619179964714 0.005551793296685 0.960637603370488 0.0055666839410166
0 2.5e-07 0.01 X 0.1334 0.1 1000 102.62 1 1 1 0.983260039643 0.001061942229525 0.983260039643 0.001061942229525
0 2.5e-07 0.01 A 0.1334 0.5 999 317.15 1 0.999998666889185 0.999998666889185 0.9962258464 0.014026163253395 0.9962258464 0.014026163253395
0 2.5e-07 0.01 X 0.1334 0.5 1000 110.71 1 1 1 0.99681351518 0.00534391101592 0.99681351518 0.00534391101592
0 2.5e-07 0.5 A 0.1334 0.001 111 189.821428571429 0.112 0.111998666889185 0.999988097224865 0.107036649971115 4.303333105e-06 0.95564994021058 5.71428611607143e-06
0 2.5e-07 0.5 X 0.1334 0.001 144 148.068965517241 0.145 0.144996450311346 0.999975519388596 0.140095626602165 3.70222268e-06 0.966157731353759 3.00383237931035e-06
0 2.5e-07 0.5 A 0.1334 0.01 858 179.732868757259 0.861 0.860996000667555 0.999995355014582 0.828200576451985 7.289000039e-05 0.961894897155331 7.25512957375145e-05
0 2.5e-07 0.5 X 0.1334 0.01 832 135.94237695078 0.833 0.832994680187939 0.999993613670995 0.80907506621391 5.3417779345e-05 0.971270737083289 5.40109391476591e-05
0 2.5e-07 0.5 A 0.1334 0.1 994 137.7 1 0.999982702569483 0.999982702569483 0.9817897399915 0.00080304336118 0.9817897399915 0.00080304336118
0 2.5e-07 0.5 X 0.1334 0.1 1000 104.83 1 1 1 0.986290274969 0.000582875544775 0.986290274969 0.000582875544775
0 2.5e-07 0.5 A 0.1334 0.5 999 115.1 1 0.999998666889185 0.999998666889185 0.9945833697 0.005440029973045 0.9945833697 0.005440029973045
0 2.5e-07 0.5 X 0.1334 0.5 1000 86.76 1 1 1 0.996083617175 0.00398596000657 0.996083617175 0.00398596000657
0.00034 2.5e-07 0.01 A 0 0.001 0 NA 0.003 0.000335057448732971 NA 0.0010334233018 0.000675356644175 0.274313326868333 0.200387772696667
0.00034 2.5e-07 0.01 X 0 0.001 0 NA 0.002 0.00051339936730534 NA 0.000221400003685 0.00088926221474 0.0373977842725 0.3934911052725
0.00034 2.5e-07 0.01 A 0 0.01 0 NA 0.033 0.0073540995927334 0.205298843634465 0.009098313341495 0.010251099932485 0.180958180851364 0.190642322523182
0.00034 2.5e-07 0.01 X 0 0.01 0 NA 0.039 0.00779303287393064 0.195845552276717 0.01313668896913 0.011695982156025 0.259659145786154 0.214825867457692
0.00034 2.5e-07 0.01 A 0 0.1 2 1393.63636363636 0.279 0.0539685889606595 0.184726711206953 0.09805280306153 0.099551063273625 0.262557240286577 0.254935722102312
0.00034 2.5e-07 0.01 X 0 0.1 6 1143 0.256 0.0666245482036823 0.254397773051857 0.101761083628045 0.105609892667595 0.308496422901543 0.305354494857695
0.00034 2.5e-07 0.01 A 0 0.5 2 1216.66666666667 0.879 0.147332381619111 0.1645524096106 0.511127820014865 0.51192780692975 0.555913299235705 0.552619742403288
0.00034 2.5e-07 0.01 X 0 0.5 9 1117.77777777778 0.811 0.157846266993958 0.189779003387186 0.49389329971909 0.493304975299605 0.56342383058812 0.555296174871344
0.00034 2.5e-07 0.5 A 0 0.001 0 NA 0.003 0.000335057448732971 NA 0.0010334233018 0.000675356644175 0.274313326868333 0.200387772696667
0.00034 2.5e-07 0.5 X 0 0.001 0 NA 0.002 0.00051339936730534 NA 0.000221400003685 0.00088926221474 0.0373977842725 0.3934911052725
0.00034 2.5e-07 0.5 A 0 0.01 0 NA 0.033 0.0073540995927334 0.205298843634465 0.009098313341495 0.010251099932485 0.180958180851364 0.190642322523182
0.00034 2.5e-07 0.5 X 0 0.01 0 NA 0.039 0.00779303287393064 0.195845552276717 0.01313668896913 0.011695982156025 0.259659145786154 0.214825867457692
0.00034 2.5e-07 0.5 A 0 0.1 2 1393.63636363636 0.279 0.0539685889606595 0.184726711206953 0.09805280306153 0.099551063273625 0.262557240286577 0.254935722102312
0.00034 2.5e-07 0.5 X 0 0.1 6 1143 0.256 0.0666245482036823 0.254397773051857 0.101761083628045 0.105609892667595 0.308496422901543 0.305354494857695
0.00034 2.5e-07 0.5 A 0 0.5 2 1216.66666666667 0.879 0.147332381619111 0.1645524096106 0.511127820014865 0.51192780692975 0.555913299235705 0.552619742403288
0.00034 2.5e-07 0.5 X 0 0.5 9 1117.77777777778 0.811 0.157846266993958 0.189779003387186 0.49389329971909 0.493304975299605 0.56342383058812 0.555296174871344
0.00034 2.5e-07 0.01 A 0.0067 0.001 0 NA 0.002 0.000726903845284731 NA 0.00146451333558 0.0004501700105 0.6395449988175 0.18794500504
0.00034 2.5e-07 0.01 X 0.0067 0.001 2 NA 0.004 0.00293283626700996 NA 0.002564693322635 0.00042307111457 0.6194355523475 0.0907211108675
0.00034 2.5e-07 0.01 A 0.0067 0.01 4 1359.52380952381 0.041 0.019221338105292 0.467005469493251 0.02011259665396 0.007428540022655 0.446424307841829 0.100986341375244
0.00034 2.5e-07 0.01 X 0.0067 0.01 30 1085.60606060606 0.073 0.0499538403739023 0.684299183204141 0.04802341289294 0.006283875597685 0.635998593986781 0.0656661193466438
0.00034 2.5e-07 0.01 A 0.0067 0.1 76 1283.43612334802 0.387 0.208384151774882 0.536864968245636 0.225463653962655 0.068812037049845 0.54443280040208 0.128271801056382
0.00034 2.5e-07 0.01 X 0.0067 0.1 194 1017.94926004228 0.513 0.357454426439145 0.696682433187136 0.358929174633275 0.050466051878 0.683071105324211 0.0841643209008187
0.00034 2.5e-07 0.01 A 0.0067 0.5 216 1068.14666666667 0.979 0.586311078062514 0.598858655964412 0.842964518280105 0.255507216769155 0.85797560260143 0.257935733796282
0.00034 2.5e-07 0.01 X 0.0067 0.5 419 815.667022411953 0.983 0.695859006862916 0.707893191111817 0.862461036590275 0.185097971639315 0.875304493022838 0.18655639924234
0.00034 2.5e-07 0.5 A 0.0067 0.001 1 NA 0.00600000000000001 0.00392768094914718 NA 0.00353486335757 0.00030977001357 0.562167222305833 0.0434294469908333
0.00034 2.5e-07 0.5 X 0.0067 0.001 2 NA 0.00700000000000001 0.00409738926651515 NA 0.004482995524855 0.000461177739115 0.633372058812857 0.058706660505
0.00034 2.5e-07 0.5 A 0.0067 0.01 19 1321.81818181818 0.088 0.0506125527467556 0.575142644849496 0.046599036949995 0.00630214995672 0.509464055800682 0.0538010596242045
0.00034 2.5e-07 0.5 X 0.0067 0.01 44 1117.27272727273 0.109 0.0763185419961232 0.700170110056177 0.07044339972926 0.0061310620447 0.634702708842844 0.045503158608211
0.00034 2.5e-07 0.5 A 0.0067 0.1 174 1246.1978021978 0.62 0.390028439382869 0.629078128036886 0.375879684051935 0.04904589353941 0.368544748274314 0.0479815107183387
0.00034 2.5e-07 0.5 X 0.0067 0.1 254 997.632508833922 0.613 0.433457302619581 0.70710816088023 0.42554023684802 0.042548092572235 0.433527160095742 0.0439890798796166
0.00034 2.5e-07 0.5 A 0.0067 0.5 272 1032.41500586166 0.992 0.639974090198451 0.645135171571019 0.811436713752175 0.19356932027768 0.816586566308468 0.194381391357646
0.00034 2.5e-07 0.5 X 0.0067 0.5 462 806.023206751055 0.993 0.720488078026144 0.725567047357647 0.842972394594395 0.15102306098245 0.847784642671702 0.151442715530504
0.00034 2.5e-07 0.01 A 0.01333 0.001 0 NA 0.002 0.00120918021413097 NA 0.001615549984745 0.000309186655005 0.7093866653175 0.1199699928675
0.00034 2.5e-07 0.01 X 0.01333 0.001 6 NA 0.00700000000000001 0.00607501137258094 NA 0.00530844882115 0.00038223110139 0.749225386955714 0.0439599976878571
0.00034 2.5e-07 0.01 A 0.01333 0.01 20 1059.76744186047 0.045 0.0331670739476283 0.736136225345188 0.02984669337092 0.006429876658705 0.627802298240778 0.081105999197
0.00034 2.5e-07 0.01 X 0.01333 0.01 85 714.453125 0.128 0.105472992225327 0.824007751760368 0.097519113892865 0.006702902137215 0.755101619600156 0.0457819437880078
0.00034 2.5e-07 0.01 A 0.01333 0.1 180 931.688034188034 0.489 0.350220021880111 0.716014820354995 0.35820152354662 0.06346500623744 0.716730913912761 0.105679290181074
0.00034 2.5e-07 0.01 X 0.01333 0.1 511 614.986149584488 0.722 0.602710373905408 0.834778911226328 0.58542818337635 0.04329313643887 0.807554270575478 0.0566501614941136
0.00034 2.5e-07 0.01 A 0.01333 0.5 394 703.938775510204 0.999 0.729872688867075 0.730603292159234 0.9333570003935 0.179224740027845 0.934263363758759 0.179358021383393
0.00034 2.5e-07 0.01 X 0.01333 0.5 723 409.1 1 0.83240359800467 0.83240359800467 0.9390845644645 0.104427852003555 0.9390845644645 0.104427852003555
0.00034 2.5e-07 0.5 A 0.01333 0.001 7 958.571428571429 0.014 0.011033955303046 0.788139664503289 0.009581370058795 0.000446239994265 0.680744528113214 0.02981619026
0.00034 2.5e-07 0.5 X 0.01333 0.001 7 595 0.012 0.00969290860493914 0.807742383744928 0.009408213343005 0.00041415998198 0.781535556253333 0.0293444443166667
0.00034 2.5e-07 0.5 A 0.01333 0.01 104 972.409638554217 0.168 0.134776181834296 0.802239177585095 0.116468793639905 0.00655193337729 0.689052045397321 0.0353466470856548
0.00034 2.5e-07 0.5 X 0.01333 0.01 147 690.10101010101 0.198 0.166718700743342 0.842013640117887 0.152201314108815 0.00641295539293 0.766260464100455 0.0300927041206566
0.00034 2.5e-07 0.5 A 0.01333 0.1 550 783.135198135198 0.859 0.697871936940994 0.812423675135034 0.65761808642738 0.040046483717445 0.655172595679203 0.0402657978855588
0.00034 2.5e-07 0.5 X 0.01333 0.1 654 569.593967517401 0.862 0.735235167387312 0.852941029451638 0.707398401579295 0.03281172796616 0.708889716828045 0.0329065317072448
0.00034 2.5e-07 0.5 A 0.01333 0.5 657 550.68 1 0.8153580171998 0.8153580171998 0.899241309505 0.100833206779505 0.899241309505 0.100833206779505
0.00034 2.5e-07 0.5 X 0.01333 0.5 781 385.81 1 0.85460008289892 0.85460008289892 0.92331281771 0.07746427875682 0.92331281771 0.07746427875682
0.00034 2.5e-07 0.01 A 0.02667 0.001 3 NA 0.00700000000000001 0.00561219498022261 NA 0.00490491325716 0.000563850006295 0.688263799086429 0.069900478015
0.00034 2.5e-07 0.01 X 0.02667 0.001 12 423.076923076923 0.013 0.0120281116625508 0.925239358657751 0.01102110204024 0.000380626672505 0.845273148222308 0.0259979486053846
0.00034 2.5e-07 0.01 A 0.02667 0.01 47 709.55223880597 0.0669999999999999 0.0548174154938225 0.818170380504814 0.05052604019614 0.00653194674711 0.738329505525 0.0677481095891045
0.00034 2.5e-07 0.01 X 0.02667 0.01 193 412.511627906977 0.215 0.19362099076787 0.900562747757533 0.183123280305215 0.00671785332434 0.850335732678349 0.0291569404643721
0.00034 2.5e-07 0.01 A 0.02667 0.1 392 529.714285714286 0.63 0.513264192939056 0.814705068157231 0.52901889745302 0.056860700038705 0.833307863560944 0.0815881959863333
0.00034 2.5e-07 0.01 X 0.02667 0.1 840 319.754189944134 0.895 0.813894838893084 0.909379708260429 0.802679902271475 0.031544190312655 0.896215930600765 0.0346694665583743
0.00034 2.5e-07 0.01 A 0.02667 0.5 614 364.78 1 0.813629860183606 0.813629860183606 0.96791445309 0.122534400068165 0.96791445309 0.122534400068165
0.00034 2.5e-07 0.01 X 0.02667 0.5 931 202.16 1 0.908679363085662 0.908679363085662 0.97021657253 0.056804221429015 0.97021657253 0.056804221429015
0.00034 2.5e-07 0.5 A 0.02667 0.001 26 557.307692307692 0.026 0.0234316212266167 0.901216201023719 0.02077019670344 0.00052156667328 0.797848591164231 0.0193203848784615
0.00034 2.5e-07 0.5 X 0.02667 0.001 23 399.2 0.025 0.0226222966753944 0.904891867015777 0.0213014662907 0.00045345335167 0.8512968737474 0.0171976895462
0.00034 2.5e-07 0.5 A 0.02667 0.01 281 512.857142857143 0.308 0.277426751480507 0.900736206105543 0.25304880708056 0.006726523403405 0.820664276269367 0.0210851841769643
0.00034 2.5e-07 0.5 X 0.02667 0.01 331 375.232558139535 0.344 0.317480936811812 0.922909700034337 0.29831259010724 0.006208520101535 0.866746392386308 0.0175464860853924
0.00034 2.5e-07 0.5 A 0.02667 0.1 920 383.054989816701 0.982 0.88336024353296 0.899552182823788 0.86278048416646 0.02592709678889 0.862359620679695 0.0259057129491446
0.00034 2.5e-07 0.5 X 0.02667 0.1 943 286.456852791878 0.985 0.906599317313671 0.920405398287991 0.894425139828225 0.020426568838295 0.894219986603782 0.0204083157976548
0.00034 2.5e-07 0.5 A 0.02667 0.5 942 254.2 1 0.901612060406278 0.901612060406278 0.94867615092 0.05171077332717 0.94867615092 0.05171077332717
0.00034 2.5e-07 0.5 X 0.02667 0.5 966 186.61 1 0.923417627047381 0.923417627047381 0.96122669875 0.038866875073535 0.96122669875 0.038866875073535
0.00034 2.5e-07 0.01 A 0.05333 0.001 8 NA 0.01 0.00868451978435827 NA 0.00810721995562 0.0005557266849 0.8069589954185 0.049966001872
0.00034 2.5e-07 0.01 X 0.05333 0.001 28 276.071428571429 0.028 0.0266018163196751 0.950064868559824 0.025012945695185 0.00046486668691 0.89256091771375 0.0156726990398214
0.00034 2.5e-07 0.01 A 0.05333 0.01 81 430.505050505051 0.099 0.0866070857003276 0.874819047478057 0.083054323162575 0.0064723368287 0.832264914154545 0.0526255570915657
0.00034 2.5e-07 0.01 X 0.05333 0.01 335 236.73590504451 0.337 0.319269780009841 0.947388071245819 0.30707307319648 0.00577169339143 0.910721074409881 0.0166021366474332
0.00034 2.5e-07 0.01 A 0.05333 0.1 661 300.346106304079 0.809 0.706297367316271 0.873049897795144 0.729845251905655 0.05173754032875 0.900436125104295 0.0617270750032138
0.00034 2.5e-07 0.01 X 0.05333 0.1 983 159.390862944162 0.985 0.935770817385348 0.950021134401368 0.93479567170673 0.019227493393165 0.948988327720558 0.0194806272449036
0.00034 2.5e-07 0.01 A 0.05333 0.5 818 192.82 1 0.868967779421173 0.868967779421173 0.98395096454 0.08229318041084 0.98395096454 0.08229318041084
0.00034 2.5e-07 0.01 X 0.05333 0.5 995 104.44 1 0.95136420916608 0.95136420916608 0.98518549185 0.030165706344795 0.98518549185 0.030165706344795
0.00034 2.5e-07 0.5 A 0.05333 0.001 49 286.734693877551 0.049 0.0468328454067278 0.955772355239343 0.04384469999598 0.00056891000013 0.894389523800612 0.0113930612557143
0.00034 2.5e-07 0.5 X 0.05333 0.001 54 217.592592592593 0.054 0.051748087944093 0.958297924890611 0.049633291962765 0.000497355580015 0.918930509573704 0.00899860121722222
0.00034 2.5e-07 0.5 A 0.05333 0.01 533 273.951310861423 0.534 0.50647028546941 0.948446227470806 0.48082361495436 0.00649173000247 0.900258748354129 0.0119827590496161
0.00034 2.5e-07 0.5 X 0.05333 0.01 515 201.009708737864 0.515 0.494305885063783 0.959817252551034 0.47739097769281 0.00488506690393 0.926851529497641 0.0093590425237767
0.00034 2.5e-07 0.5 A 0.05333 0.1 998 188.87 1 0.947336139410937 0.947336139410937 0.940618818443 0.014173373551 0.940618818443 0.014173373551
0.00034 2.5e-07 0.5 X 0.05333 0.1 997 142.172172172172 0.999 0.957271696054334 0.958229925980315 0.954533235005245 0.010968867043135 0.954524328268514 0.0109695921888488
0.00034 2.5e-07 0.5 A 0.05333 0.5 1000 128.43 1 0.946858129912181 0.946858129912181 0.973910938305 0.026260213532295 0.973910938305 0.026260213532295
0.00034 2.5e-07 0.5 X 0.05333 0.5 1000 96.03 1 0.960893666622314 0.960893666622314 0.980483606805 0.019688587183595 0.980483606805 0.019688587183595
0.00034 2.5e-07 0.01 A 0.0667 0.001 10 455.454545454545 0.011 0.00985178517017929 0.895616833652663 0.00892664322389 0.000531060003485 0.808132414168636 0.043780910055
0.00034 2.5e-07 0.01 X 0.0667 0.001 34 215.882352941176 0.034 0.0324456839171507 0.954284821092667 0.03117978978085 0.000468848906995 0.916613555608382 0.0131943795808824
0.00034 2.5e-07 0.01 A 0.0667 0.01 101 380.762711864407 0.118 0.103021054737455 0.873059785910634 0.10055970015382 0.00687380334521 0.847684605762331 0.049342033882839
0.00034 2.5e-07 0.01 X 0.0667 0.01 397 202.462311557789 0.398 0.381045271624599 0.957400179961303 0.36758351330574 0.005564711224695 0.923254712370905 0.0136683308054397
0.00034 2.5e-07 0.01 A 0.0667 0.1 768 248.016147635525 0.867 0.771350940845301 0.889678132462862 0.79501061161729 0.048452886673865 0.916051747375121 0.0546493348968858
0.00034 2.5e-07 0.01 X 0.0667 0.1 995 127.218875502008 0.996 0.95538524209462 0.959222130617089 0.956029047646 0.01589368916014 0.959860668096837 0.0159453237880472
0.00034 2.5e-07 0.01 A 0.0667 0.5 858 155.32 1 0.8849434905261 0.8849434905261 0.987123638615 0.07158352009263 0.987123638615 0.07158352009263
0.00034 2.5e-07 0.01 X 0.0667 0.5 1000 84.35 1 0.961238984822553 0.961238984822553 0.988128727415 0.02450796907928 0.988128727415 0.02450796907928
0.00034 2.5e-07 0.5 A 0.0667 0.001 61 238.196721311475 0.0610000000000001 0.0585717338044884 0.960192357450629 0.05563152023455 0.000578803332865 0.911818091293115 0.00934185793352459
0.00034 2.5e-07 0.5 X 0.0667 0.001 64 183.28125 0.0639999999999999 0.0620747860889688 0.969918532640137 0.059635891418965 0.00046688892057 0.931694831193438 0.00716076435984375
0.00034 2.5e-07 0.5 A 0.0667 0.01 605 223.603305785124 0.605 0.57929638055999 0.957514678611553 0.55561916448065 0.00603530340519 0.918279875170174 0.00987035272800826
0.00034 2.5e-07 0.5 X 0.0667 0.01 591 166.700507614213 0.591 0.571016730342153 0.966187360985031 0.55519107039154 0.004580538087855 0.939340754565025 0.0076741573119797
0.00034 2.5e-07 0.5 A 0.0667 0.1 1000 151.63 1 0.958070262966714 0.958070262966714 0.9526667218355 0.011523550141285 0.9526667218355 0.011523550141285
0.00034 2.5e-07 0.5 X 0.0667 0.1 1000 114.77 1 0.966536682752929 0.966536682752929 0.9645922348025 0.00892696489525 0.9645922348025 0.00892696489525
0.00034 2.5e-07 0.5 A 0.0667 0.5 1000 104.36 1 0.956470592747866 0.956470592747866 0.97897383233 0.021144973676825 0.97897383233 0.021144973676825
0.00034 2.5e-07 0.5 X 0.0667 0.5 1000 78.14 1 0.968043105219201 0.968043105219201 0.984303642315 0.01583812497027 0.984303642315 0.01583812497027
0.00034 2.5e-07 0.01 A 0.1334 0.001 13 266.153846153846 0.013 0.0118460835558394 0.911237196603029 0.01156518005461 0.00048597334411 0.887661542656538 0.0334697447923077
0.00034 2.5e-07 0.01 X 0.1334 0.001 69 127.971014492754 0.069 0.0673745743748682 0.976443106882148 0.06559634697697 0.00049035560392 0.950579650219203 0.00695336621811594
0.00034 2.5e-07 0.01 A 0.1334 0.01 160 255.828220858896 0.163 0.151612036796552 0.930135195070871 0.14617647114212 0.006339976695375 0.894531888404448 0.0347086912433436
0.00034 2.5e-07 0.01 X 0.1334 0.01 619 116.462035541195 0.619 0.605575921985464 0.978313282690571 0.591950136049555 0.00454920478836 0.956249338434281 0.00728361928791599
0.00034 2.5e-07 0.01 A 0.1334 0.1 929 128.46875 0.96 0.885406521038283 0.922298459414878 0.919565744777665 0.03819671677608 0.957735973723385 0.0395721285860521
0.00034 2.5e-07 0.01 X 0.1334 0.1 1000 67.05 1 0.978241857020728 0.978241857020728 0.980407147177 0.008396289395425 0.980407147177 0.008396289395425
0.00034 2.5e-07 0.01 A 0.1334 0.5 982 87.22 1 0.924295272167426 0.924295272167426 0.993410615225 0.048119680200955 0.993410615225 0.048119680200955
0.00034 2.5e-07 0.01 X 0.1334 0.5 1000 47.04 1 0.979955602645054 0.979955602645054 0.9939333825 0.01266074711549 0.9939333825 0.01266074711549
0.00034 2.5e-07 0.5 A 0.1334 0.001 119 132.941176470588 0.119 0.116260522080086 0.976979177143577 0.113065866839065 0.000611603321895 0.950101794165504 0.00511089626411765
0.00034 2.5e-07 0.5 X 0.1334 0.001 121 102.727272727273 0.121 0.118940139782943 0.982976361842503 0.11645052315623 0.00048571563579 0.962364470513802 0.00397755805355372
0.00034 2.5e-07 0.5 A 0.1334 0.01 823 121.31227217497 0.823 0.804984591689156 0.978110074956447 0.787040693268035 0.00435103664667 0.956294888538621 0.00526966380713244
0.00034 2.5e-07 0.5 X 0.1334 0.01 835 93.1736526946108 0.835 0.820513445382566 0.982650832793492 0.807568096768195 0.00341067166771 0.967138404644808 0.0040752102451976
0.00034 2.5e-07 0.5 A 0.1334 0.1 1000 79.51 1 0.978437477166773 0.978437477166773 0.976388787498 0.00605778663299 0.976388787498 0.00605778663299
0.00034 2.5e-07 0.5 X 0.1334 0.1 1000 61.7 1 0.982471226863247 0.982471226863247 0.982254278411 0.00467719181909 0.982254278411 0.00467719181909
0.00034 2.5e-07 0.5 A 0.1334 0.5 1000 56.55 1 0.976696115026639 0.976696115026639 0.98919861441 0.010804116783315 0.98919861441 0.010804116783315
0.00034 2.5e-07 0.5 X 0.1334 0.5 1000 43.87 1 0.98319780842591 0.98319780842591 0.991971592895 0.008083409564035 0.991971592895 0.008083409564035
0.0017 2.5e-07 0.01 A 0 0.001 0 NA 0.003 1e-04 NA 0.00076164997777 0.000573376711055 0.180519996935 0.124262234908333
0.0017 2.5e-07 0.01 X 0 0.001 0 NA 0.002 0.000100636924572927 NA 0.000572782172795 0.000599848931415 0.2022444292925 0.211797785885
0.0017 2.5e-07 0.01 A 0 0.01 0 NA 0.031 0.00150589574201478 0.0485772820004767 0.009767063412625 0.010077600071655 0.209634731158065 0.213362473229516
0.0017 2.5e-07 0.01 X 0 0.01 0 NA 0.03 0.00238230246729539 0.0794100822431797 0.01084575543196 0.01081375108965 0.221739407104667 0.235522518577667
0.0017 2.5e-07 0.01 A 0 0.1 0 NA 0.31 0.0132790593183827 0.0422170419927991 0.10678297651553 0.10643595997672 0.26625432150379 0.267120215367113
0.0017 2.5e-07 0.01 X 0 0.1 0 NA 0.249 0.0132753241110708 0.052906480688662 0.10135291949066 0.102609585761285 0.308302899590703 0.313764729438092
0.0017 2.5e-07 0.01 A 0 0.5 0 NA 0.891 0.033323580161877 0.0373311437204066 0.503214339374105 0.501044176272325 0.542378039098221 0.5410816832222
0.0017 2.5e-07 0.01 X 0 0.5 0 NA 0.824 0.0357755922916234 0.0431130469834274 0.501490431628335 0.49951493738077 0.569463635934745 0.567355350153956
0.0017 2.5e-07 0.5 A 0 0.001 0 NA 0.003 1e-04 NA 0.00076164997777 0.000573376711055 0.180519996935 0.124262234908333
0.0017 2.5e-07 0.5 X 0 0.001 0 NA 0.002 0.000100636924572927 NA 0.000572782172795 0.000599848931415 0.2022444292925 0.211797785885
0.0017 2.5e-07 0.5 A 0 0.01 0 NA 0.031 0.00150589574201478 0.0485772820004767 0.009767063412625 0.010077600071655 0.209634731158065 0.213362473229516
0.0017 2.5e-07 0.5 X 0 0.01 0 NA 0.03 0.00238230246729539 0.0794100822431797 0.01084575543196 0.01081375108965 0.221739407104667 0.235522518577667
0.0017 2.5e-07 0.5 A 0 0.1 0 NA 0.31 0.0132790593183827 0.0422170419927991 0.10678297651553 0.10643595997672 0.26625432150379 0.267120215367113
0.0017 2.5e-07 0.5 X 0 0.1 0 NA 0.249 0.0132753241110708 0.052906480688662 0.10135291949066 0.102609585761285 0.308302899590703 0.313764729438092
0.0017 2.5e-07 0.5 A 0 0.5 0 NA 0.891 0.033323580161877 0.0373311437204066 0.503214339374105 0.501044176272325 0.542378039098221 0.5410816832222
0.0017 2.5e-07 0.5 X 0 0.5 0 NA 0.824 0.0357755922916234 0.0431130469834274 0.501490431628335 0.49951493738077 0.569463635934745 0.567355350153956
0.0017 2.5e-07 0.01 A 0.0067 0.001 0 NA 0.003 0.000536220218990404 NA 0.001272873357325 0.000645846678715 0.365800007823333 0.173465559873333
0.0017 2.5e-07 0.01 X 0.0067 0.001 0 NA 0.002 0.000340215304454407 NA 0.001500226678935 0.000633213325135 0.528651110995 0.2464266635975
0.0017 2.5e-07 0.01 A 0.0067 0.01 1 NA 0.037 0.00571000190876892 0.154324375912674 0.0148245267348 0.00887588353011 0.341548380022973 0.17440838260027
0.0017 2.5e-07 0.01 X 0.0067 0.01 2 1180.55555555556 0.056 0.0123079139926883 0.219784178440862 0.029640968938175 0.01197976889472 0.483363017430179 0.183915792848125
0.0017 2.5e-07 0.01 A 0.0067 0.1 0 1320.35714285714 0.365 0.0564598794491132 0.154491747890558 0.176703593713905 0.10042282019978 0.431992155824301 0.227182420629288
0.0017 2.5e-07 0.01 X 0.0067 0.1 8 1212.82828282828 0.445 0.0989062553786031 0.222226769505099 0.25429853664301 0.102272630081745 0.538937176659449 0.210099754098438
0.0017 2.5e-07 0.01 A 0.0067 0.5 4 1173.22033898305 0.955 0.174516246703321 0.182729304394858 0.72040425969111 0.401393716119695 0.74535728422433 0.413833266381565
0.0017 2.5e-07 0.01 X 0.0067 0.5 26 1003.52589641434 0.956 0.228606145215153 0.239124034490661 0.73263721838826 0.349321889114155 0.756092306565204 0.359596508870099
0.0017 2.5e-07 0.5 A 0.0067 0.001 0 NA 0.004 0.000766732793343318 NA 0.00196628001407 0.00062630330958 0.43496083310875 0.12305916557125
0.0017 2.5e-07 0.5 X 0.0067 0.001 0 NA 0.00600000000000001 0.00119393819846032 NA 0.00336263557582 0.00110197331947 0.537392594555833 0.170541479235
0.0017 2.5e-07 0.5 A 0.0067 0.01 0 NA 0.072 0.0103320535425225 0.143500743646146 0.03031408991837 0.01175603666145 0.382651989461458 0.141762638987847
0.0017 2.5e-07 0.5 X 0.0067 0.01 5 1183.93939393939 0.08 0.0189362298757526 0.236613348073021 0.040545311257435 0.013484382165615 0.470093613699375 0.150534721217313
0.0017 2.5e-07 0.5 A 0.0067 0.1 3 1241.36363636364 0.553 0.0900446367469892 0.162811179733371 0.257776633000345 0.10472367963337 0.248746636833219 0.101229125601808
0.0017 2.5e-07 0.5 X 0.0067 0.1 14 1211.875 0.566 0.132452484051257 0.234014989489853 0.3109430484692 0.10619688711037 0.309783768706484 0.106817524493304
0.0017 2.5e-07 0.5 A 0.0067 0.5 4 1189.63768115942 0.973 0.156608154842053 0.160953910423487 0.659590990075925 0.348114943782205 0.67144401509057 0.354339760563556
0.0017 2.5e-07 0.5 X 0.0067 0.5 30 1035.1711026616 0.968 0.223873903173302 0.231274693360849 0.693380795810445 0.309043368051745 0.709151313428047 0.316033906387309
0.0017 2.5e-07 0.01 A 0.01333 0.001 0 NA 0.003 0.000924972502646673 NA 0.001682643292815 0.000617059983245 0.497907766823333 0.16513443744
0.0017 2.5e-07 0.01 X 0.01333 0.001 1 NA 0.01 0.00455071915302075 NA 0.00689280886577 0.001704906720425 0.6828142197615 0.16522178304
0.0017 2.5e-07 0.01 A 0.01333 0.01 2 1285 0.041 0.0139689792345052 0.340706810597687 0.02339514330878 0.01017079339781 0.52380560878622 0.19287235923378
0.0017 2.5e-07 0.01 X 0.01333 0.01 25 891.401869158879 0.112 0.0504752685277184 0.450672040426058 0.075819640241015 0.018796395332475 0.665917501862813 0.159752180893036
0.0017 2.5e-07 0.01 A 0.01333 0.1 15 1202.67973856209 0.478 0.165279462216804 0.345772933507958 0.30580552299126 0.11854190288396 0.61623375135113 0.226331902680439
0.0017 2.5e-07 0.01 X 0.01333 0.1 136 785.988112927192 0.68 0.304692248424277 0.448076835918055 0.493188848244 0.1236613541834 0.718434280289566 0.177898599363596
0.0017 2.5e-07 0.01 A 0.01333 0.5 51 913.667512690355 0.998 0.361481418997981 0.3622058306593 0.85984461987195 0.33586005380665 0.861266669859719 0.33629254891984
0.0017 2.5e-07 0.01 X 0.01333 0.5 226 526.148445336008 1 0.460080241736323 0.460080241736323 0.8597168345785 0.245317664936105 0.8597168345785 0.245317664936105
0.0017 2.5e-07 0.5 A 0.01333 0.001 0 NA 0.00900000000000001 0.00322489381770552 NA 0.00532104999801 0.001102353364175 0.581411111126111 0.117704818299444
0.0017 2.5e-07 0.5 X 0.01333 0.001 7 775.333333333333 0.015 0.00728432557780483 0.485621705186988 0.01012940004628 0.00182224439769 0.673005632361667 0.118811255961
0.0017 2.5e-07 0.5 A 0.01333 0.01 19 1278.4375 0.163 0.0603448831041137 0.370214006773703 0.092757930066775 0.02164208001682 0.562728956953957 0.129212842775859
0.0017 2.5e-07 0.5 X 0.01333 0.01 53 893.258426966292 0.181 0.0844817399481283 0.466749944464797 0.11725042226878 0.021972261673795 0.644180970435083 0.118970997660746
0.0017 2.5e-07 0.5 A 0.01333 0.1 65 1097.88098693759 0.845 0.309157255139401 0.365866574129469 0.52710113670906 0.128292083501815 0.528451621965716 0.128900461505296
0.0017 2.5e-07 0.5 X 0.01333 0.1 204 720.821256038647 0.838 0.389144972308774 0.4643734753088 0.588609768745385 0.112532643151305 0.586586263697649 0.111886341669755
0.0017 2.5e-07 0.5 A 0.01333 0.5 76 859.765625 1 0.371420001009495 0.371420001009495 0.7704390307215 0.23158421751342 0.7704390307215 0.23158421751342
0.0017 2.5e-07 0.5 X 0.01333 0.5 249 489.239239239239 1 0.46365181163431 0.46365181163431 0.81100089373 0.190479428594675 0.81100089373 0.190479428594675
0.0017 2.5e-07 0.01 A 0.02667 0.001 2 NA 0.00600000000000001 0.00323512273641671 NA 0.004351499978925 0.001151553338635 0.71064055252 0.178492224701667
0.0017 2.5e-07 0.01 X 0.02667 0.001 11 421.428571428571 0.014 0.00911748347045597 0.651248819318284 0.01123783560509 0.00159713775727 0.79989555882 0.111504125406429
0.0017 2.5e-07 0.01 A 0.02667 0.01 24 847.761194029851 0.0669999999999999 0.0356046108957806 0.531412102922098 0.046059356502825 0.012787786791835 0.667816366148806 0.168588360240746
0.0017 2.5e-07 0.01 X 0.02667 0.01 158 440.19512195122 0.205 0.133638900495661 0.651897075588592 0.16378167977959 0.0235663902439 0.797038242791366 0.113057556810585
0.0017 2.5e-07 0.01 A 0.02667 0.1 214 641.350931677019 0.648 0.345298933081818 0.532868723891695 0.502290276395445 0.131556773831465 0.767619176461443 0.195268977355108
0.0017 2.5e-07 0.01 X 0.02667 0.1 694 331.953385127636 0.901 0.583399702326863 0.647502444313944 0.762237960428765 0.11249504992541 0.845330354441698 0.124380679460755
0.0017 2.5e-07 0.01 A 0.02667 0.5 317 339.83 1 0.526672266816364 0.526672266816364 0.92781062988 0.24926387627 0.92781062988 0.24926387627
0.0017 2.5e-07 0.01 X 0.02667 0.5 779 173.88 1 0.656212981007306 0.656212981007306 0.92480062227 0.1528920540365 0.92480062227 0.1528920540365
0.0017 2.5e-07 0.5 A 0.02667 0.001 16 571.2 0.025 0.0149483890560817 0.597935562243268 0.01820880338149 0.00230736339053 0.7271989352256 0.0914406689818
0.0017 2.5e-07 0.5 X 0.02667 0.001 22 375.384615384615 0.026 0.0177285502805582 0.68186731848301 0.020559466707345 0.00199027998961 0.789920172409038 0.0756835893059615
0.0017 2.5e-07 0.5 A 0.02667 0.01 194 557.891373801917 0.313 0.185503658025802 0.592663444171893 0.229265403146655 0.0289674299963 0.731424600063674 0.0918265175665815
0.0017 2.5e-07 0.5 X 0.02667 0.01 282 377.155963302752 0.327 0.222498561268058 0.680423734764702 0.261133595328485 0.02524586127307 0.798049459036147 0.0767109043064067
0.0017 2.5e-07 0.5 A 0.02667 0.1 608 418.181818181818 0.979 0.586548463075501 0.599130197217059 0.775885190513835 0.10098122373294 0.775484879605041 0.100909465846088
0.0017 2.5e-07 0.5 X 0.02667 0.1 815 278.594704684318 0.982 0.655636758150586 0.667654539868214 0.824258444844225 0.082494987649945 0.824166160165199 0.0824862740138391
0.0017 2.5e-07 0.5 A 0.02667 0.5 643 259.73 1 0.599554867340555 0.599554867340555 0.865322033325 0.1351344934687 0.865322033325 0.1351344934687
0.0017 2.5e-07 0.5 X 0.02667 0.5 849 168.05 1 0.679007604437243 0.679007604437243 0.894584933935 0.10594032067176 0.894584933935 0.10594032067176
0.0017 2.5e-07 0.01 A 0.05333 0.001 9 NA 0.00900000000000001 0.00614248978315528 NA 0.00706466983633 0.00123932668514 0.77754553713 0.130215929104444
0.0017 2.5e-07 0.01 X 0.05333 0.001 28 266.785714285714 0.028 0.021950546622899 0.783948093674963 0.024310048925385 0.00201316429402 0.867156033005 0.0709271373966071
0.0017 2.5e-07 0.01 A 0.05333 0.01 85 479.50495049505 0.101 0.0670981765916239 0.664338382095286 0.08010994661998 0.01460899690155 0.785639801741634 0.135810101476832
0.0017 2.5e-07 0.01 X 0.05333 0.01 326 234.984802431611 0.329 0.260655996666182 0.792267467070461 0.29056464837535 0.023574016446235 0.88262784035845 0.071158374857462
0.0017 2.5e-07 0.01 A 0.05333 0.1 666 298.117206982544 0.802 0.531366662093115 0.662551947747026 0.701436767713295 0.12450170616677 0.87249375446601 0.153041304492587
0.0017 2.5e-07 0.01 X 0.05333 0.1 977 148.026449643947 0.983 0.776250976436112 0.789675459243248 0.90766589330506 0.07561610698316 0.923296362583611 0.0768802309109664
0.0017 2.5e-07 0.01 A 0.05333 0.5 812 125.37 1 0.65934036242621 0.65934036242621 0.961514440235 0.1782112636115 0.961514440235 0.1782112636115
0.0017 2.5e-07 0.01 X 0.05333 0.5 994 78.46 1 0.793608599365907 0.793608599365907 0.96027096057 0.089007711248235 0.96027096057 0.089007711248235
0.0017 2.5e-07 0.5 A 0.05333 0.001 48 262.916666666667 0.048 0.0375472030984142 0.78223339788363 0.04089660989801 0.002682703378325 0.851599442331562 0.0556686120690625
0.0017 2.5e-07 0.5 X 0.05333 0.001 55 205.272727272727 0.055 0.0446909453881551 0.812562643421001 0.048488684464935 0.002374044400805 0.881407353895091 0.0429793122811818
0.0017 2.5e-07 0.5 A 0.05333 0.01 522 263.75 0.528 0.40345430164846 0.764117995546326 0.449478883052705 0.0292737335662 0.851099147193636 0.0552685105394508
0.0017 2.5e-07 0.5 X 0.05333 0.01 504 186.916996047431 0.506 0.415438651957915 0.821025003869397 0.45017840470708 0.02235242169163 0.88955408044164 0.0440486945970455
0.0017 2.5e-07 0.5 A 0.05333 0.1 997 170.98 1 0.768242081740535 0.768242081740535 0.892800790244 0.06016515725854 0.892800790244 0.06016515725854
0.0017 2.5e-07 0.5 X 0.05333 0.1 999 124.734734734735 0.999 0.814455392092684 0.815270662755439 0.917247483560445 0.046944007494765 0.917240942272718 0.0469503356085736
0.0017 2.5e-07 0.5 A 0.05333 0.5 998 106.65 1 0.766499856938741 0.766499856938741 0.926483532805 0.07359459370412 0.926483532805 0.07359459370412
0.0017 2.5e-07 0.5 X 0.05333 0.5 999 76.61 1 0.820914102591814 0.820914102591814 0.943733599825 0.05660539382511 0.943733599825 0.05660539382511
0.0017 2.5e-07 0.01 A 0.0667 0.001 9 NA 0.01 0.00674140571679074 NA 0.008122293326785 0.001326743299385 0.8080453324825 0.125622997359
0.0017 2.5e-07 0.01 X 0.0667 0.001 35 210 0.035 0.0284580940727574 0.813088402078784 0.0313211512686 0.00206359987956 0.894339179028 0.058367107662
0.0017 2.5e-07 0.01 A 0.0667 0.01 106 389.473684210526 0.114 0.0789622758294952 0.692651542363993 0.094706646868665 0.01535520642928 0.824990089379079 0.127075056257149
0.0017 2.5e-07 0.01 X 0.0667 0.01 395 199.898734177215 0.395 0.324570387189634 0.821697182758568 0.355605733178355 0.023868785457585 0.899934143056114 0.0601222022631899
0.0017 2.5e-07 0.01 A 0.0667 0.1 777 243.465577596266 0.857 0.593189885863086 0.692170228545024 0.767014539912665 0.120916326548835 0.893711691820274 0.139795857502386
0.0017 2.5e-07 0.01 X 0.0667 0.1 994 117.266331658291 0.995 0.821007983404326 0.825133651662639 0.93404732383425 0.064054859056835 0.938729969237638 0.0643642000606533
0.0017 2.5e-07 0.01 A 0.0667 0.5 915 95.23 1 0.695093852213486 0.695093852213486 0.9686031737 0.1601199769955 0.9686031737 0.1601199769955
0.0017 2.5e-07 0.01 X 0.0667 0.5 998 63.13 1 0.82649411137195 0.82649411137195 0.967640285035 0.07384208139767 0.967640285035 0.07384208139767
0.0017 2.5e-07 0.5 A 0.0667 0.001 60 218 0.0600000000000001 0.0492339323900029 0.820565539833382 0.052431396806125 0.002734149997685 0.873647280106917 0.0454259999960833
0.0017 2.5e-07 0.5 X 0.0667 0.001 64 172.1875 0.0639999999999999 0.0541484627607329 0.846069730636452 0.057613884731285 0.00228223998874 0.900079796167656 0.0355363192370313
0.0017 2.5e-07 0.5 A 0.0667 0.01 602 207.475083056478 0.602 0.484661867044802 0.80508615788173 0.529585896941995 0.027915480095035 0.879606877528962 0.0462706313848505
0.0017 2.5e-07 0.5 X 0.0667 0.01 586 154.241908006814 0.587 0.499034712515889 0.850144314337119 0.533259391291365 0.02138595096195 0.908375105360673 0.036359515162138
0.0017 2.5e-07 0.5 A 0.0667 0.1 999 132.99 1 0.809132384798748 0.809132384798748 0.9135022395935 0.04960454352811 0.9135022395935 0.04960454352811
0.0017 2.5e-07 0.5 X 0.0667 0.1 1000 98.09 1 0.850104812017689 0.850104812017689 0.93432089767695 0.03861511053972 0.93432089767695 0.03861511053972
0.0017 2.5e-07 0.5 A 0.0667 0.5 999 84.16 1 0.80789964911852 0.80789964911852 0.939961629555 0.060083750511305 0.939961629555 0.060083750511305
0.0017 2.5e-07 0.5 X 0.0667 0.5 1000 61.5 1 0.852519413734901 0.852519413734901 0.954184355805 0.04610207929931 0.954184355805 0.04610207929931
0.0017 2.5e-07 0.01 A 0.1334 0.001 12 321.666666666667 0.012 0.00926684020788008 0.772236683990006 0.01021531999544 0.001128063368625 0.84850944385625 0.08963500331
0.0017 2.5e-07 0.01 X 0.1334 0.001 71 122.957746478873 0.071 0.0637613268472485 0.8980468570035 0.06663474664254 0.002385808916875 0.93841802781507 0.0334618469907042
0.0017 2.5e-07 0.01 A 0.1334 0.01 173 276.589595375723 0.173 0.135648999602729 0.784098263599592 0.151199166919065 0.016785113448815 0.871699192257861 0.0938040854737861
0.0017 2.5e-07 0.01 X 0.1334 0.01 614 111.335504885993 0.614 0.554922442649386 0.903782479884993 0.57991973358278 0.02089870653419 0.944440101741441 0.0339702495069218
0.0017 2.5e-07 0.01 A 0.1334 0.1 965 123.668393782383 0.965 0.758220397721934 0.785720619400968 0.912292759778785 0.0993200407696 0.945225643969886 0.102732339309632
0.0017 2.5e-07 0.01 X 0.1334 0.1 1000 59.85 1 0.901725672305354 0.901725672305354 0.969055837008 0.035810515183915 0.969055837008 0.035810515183915
0.0017 2.5e-07 0.01 A 0.1334 0.5 998 47.98 1 0.787808222819908 0.787808222819908 0.983073299505 0.11188246370495 0.983073299505 0.11188246370495
0.0017 2.5e-07 0.01 X 0.1334 0.5 1000 34.35 1 0.90431846335485 0.90431846335485 0.98271477814 0.04026771055974 0.98271477814 0.04026771055974
0.0017 2.5e-07 0.5 A 0.1334 0.001 121 122.066115702479 0.121 0.10778504876349 0.890785526970996 0.112400073529365 0.003065616657585 0.928895456165537 0.0253112120489256
0.0017 2.5e-07 0.5 X 0.1334 0.001 119 93.5294117647059 0.119 0.108962101116371 0.915647908540933 0.112606386635875 0.002364417772575 0.946233015598487 0.019832492949958
0.0017 2.5e-07 0.5 A 0.1334 0.01 819 109.97557997558 0.819 0.733886897576428 0.896076798017617 0.765855862424305 0.020868486692345 0.935097341177924 0.0254635694243468
0.0017 2.5e-07 0.5 X 0.1334 0.01 833 83.9855942376951 0.833 0.765979911827272 0.919543711677397 0.792077609391305 0.01656456894493 0.950864148928698 0.0198759557811044
0.0017 2.5e-07 0.5 A 0.1334 0.1 1000 66.94 1 0.896367653966039 0.896367653966039 0.9553372372855 0.02675953672557 0.9553372372855 0.02675953672557
0.0017 2.5e-07 0.5 X 0.1334 0.1 1000 51.64 1 0.919226348143509 0.919226348143509 0.9660533517535 0.020748115552445 0.9660533517535 0.020748115552445
0.0017 2.5e-07 0.5 A 0.1334 0.5 1000 43.79 1 0.895227806688365 0.895227806688365 0.968163956825 0.03174597341353 0.968163956825 0.03174597341353
0.0017 2.5e-07 0.5 X 0.1334 0.5 1000 33.96 1 0.919846973004566 0.919846973004566 0.97579546773 0.02426702651795 0.97579546773 0.02426702651795
0.0034 2.5e-07 0.01 A 0 0.001 0 NA 0.002 1e-04 NA 0.00073872003558 0.000630943274485 0.234366673635 0.183821644425
0.0034 2.5e-07 0.01 X 0 0.001 0 NA 0.001 1e-04 NA 0.000486791115835 0.000668502194925 0.27213778099 0.42977332345
0.0034 2.5e-07 0.01 A 0 0.01 0 NA 0.035 0.00077485862779833 0.0216447037095119 0.010474060003755 0.010373466632565 0.215956953823571 0.211317714436857
0.0034 2.5e-07 0.01 X 0 0.01 0 NA 0.028 0.000961945077335489 0.0334269024187681 0.01104459984154 0.010913653422015 0.285827616093571 0.278233814626429
0.0034 2.5e-07 0.01 A 0 0.1 0 NA 0.283 0.00618804293824696 0.0215594342164236 0.098723056557115 0.09795570663608 0.261506242054576 0.262530812698551
0.0034 2.5e-07 0.01 X 0 0.1 0 NA 0.269 0.00648418055573023 0.0239265308261968 0.107317647839625 0.107985878804535 0.311396297811933 0.313780666262305
0.0034 2.5e-07 0.01 A 0 0.5 0 1095.83333333333 0.904 0.0168997766159774 0.0186487516943079 0.50195849004764 0.49990723819587 0.536915645110332 0.53485565438771
0.0034 2.5e-07 0.01 X 0 0.5 0 941.5625 0.813 0.0187469501331149 0.0230202035302782 0.495526287984375 0.496343612612325 0.568498093601181 0.570447428414164
0.0034 2.5e-07 0.5 A 0 0.001 0 NA 0.002 1e-04 NA 0.00073872003558 0.000630943274485 0.234366673635 0.183821644425
0.0034 2.5e-07 0.5 X 0 0.001 0 NA 0.001 1e-04 NA 0.000486791115835 0.000668502194925 0.27213778099 0.42977332345
0.0034 2.5e-07 0.5 A 0 0.01 0 NA 0.035 0.00077485862779833 0.0216447037095119 0.010474060003755 0.010373466632565 0.215956953823571 0.211317714436857
0.0034 2.5e-07 0.5 X 0 0.01 0 NA 0.028 0.000961945077335489 0.0334269024187681 0.01104459984154 0.010913653422015 0.285827616093571 0.278233814626429
0.0034 2.5e-07 0.5 A 0 0.1 0 NA 0.283 0.00618804293824696 0.0215594342164236 0.098723056557115 0.09795570663608 0.261506242054576 0.262530812698551
0.0034 2.5e-07 0.5 X 0 0.1 0 NA 0.269 0.00648418055573023 0.0239265308261968 0.107317647839625 0.107985878804535 0.311396297811933 0.313780666262305
0.0034 2.5e-07 0.5 A 0 0.5 0 1095.83333333333 0.904 0.0168997766159774 0.0186487516943079 0.50195849004764 0.49990723819587 0.536915645110332 0.53485565438771
0.0034 2.5e-07 0.5 X 0 0.5 0 941.5625 0.813 0.0187469501331149 0.0230202035302782 0.495526287984375 0.496343612612325 0.568498093601181 0.570447428414164
0.0034 2.5e-07 0.01 A 0.0067 0.001 0 NA 0 1e-04 NA 0.00018852665943 0.000220820026355 NA NA
0.0034 2.5e-07 0.01 X 0.0067 0.001 0 NA 0.004 1e-04 NA 0.001961004471395 0.00134739114061 0.46486222737875 0.31589334041
0.0034 2.5e-07 0.01 A 0.0067 0.01 0 NA 0.038 0.00205348944646423 0.054039195959585 0.01322867000187 0.00972161347491 0.282344473131447 0.192930703196842
0.0034 2.5e-07 0.01 X 0.0067 0.01 3 1212.91666666667 0.043 0.0044510552500546 0.103512912791967 0.021476577723335 0.01218295553801 0.422878448404186 0.230796692218721
0.0034 2.5e-07 0.01 A 0.0067 0.1 6 1307.79411764706 0.33 0.0218771317119797 0.065992522114183 0.143738653328525 0.102853160402495 0.365701434052242 0.250596233045061
0.0034 2.5e-07 0.01 X 0.0067 0.1 8 1092.97619047619 0.407 0.0353537608947546 0.0868279689694081 0.20740288886432 0.12184703010137 0.463056336756929 0.269011322488821
0.0034 2.5e-07 0.01 A 0.0067 0.5 10 1018.33333333333 0.952 0.065037287377563 0.0683080423844648 0.648732806811605 0.459615538148985 0.671145115891912 0.474748506641066
0.0034 2.5e-07 0.01 X 0.0067 0.5 34 763.423680456491 0.933 0.0864725275926603 0.0926276707365208 0.64759175099626 0.420933181272405 0.678206849889293 0.44114189270888
0.0034 2.5e-07 0.5 A 0.0067 0.001 0 NA 0.004 0.000179749677035616 NA 0.000889190039555 0.000513913325985 0.17956334614625 0.1032199975325
0.0034 2.5e-07 0.5 X 0.0067 0.001 0 NA 0.005 0.000533702385968013 NA 0.002629417745185 0.00138456885189 0.493443549034 0.260864882488
0.0034 2.5e-07 0.5 A 0.0067 0.01 0 NA 0.0639999999999999 0.00313623736498115 0.0490037088278305 0.023722706615445 0.014158019992625 0.313768487674375 0.186260104005469
0.0034 2.5e-07 0.5 X 0.0067 0.01 3 1155.26315789474 0.0659999999999999 0.0064492557836459 0.0977159967219075 0.02861779101261 0.014785302294425 0.389503299546061 0.198976028073409
0.0034 2.5e-07 0.5 A 0.0067 0.1 4 1242.03703703704 0.482 0.0304309812794783 0.0630435734440651 0.195526366544375 0.11360279298928 0.184610442559066 0.106836174633195
0.0034 2.5e-07 0.5 X 0.0067 0.1 18 1012.44837758112 0.492 0.0421033549697649 0.0855486418326739 0.239979745562325 0.126792234376285 0.244102022400478 0.13061176897565
0.0034 2.5e-07 0.5 A 0.0067 0.5 5 976.468646864686 0.96 0.0544408846848803 0.0567092548800837 0.593041777176445 0.415705713247495 0.608294670643005 0.426967742887714
0.0034 2.5e-07 0.5 X 0.0067 0.5 38 765.8 0.941 0.086065111157564 0.0914345360493853 0.61225655631048 0.385565199521745 0.635790162382758 0.401285100713162
0.0034 2.5e-07 0.01 A 0.01333 0.001 0 NA 0.001 1e-04 NA 0.00050963665496 0.00033948332397 0.368330000635 0.19825332505
0.0034 2.5e-07 0.01 X 0.01333 0.001 3 NA 0.00900000000000001 0.00186181196439821 NA 0.005701097795395 0.002279466664585 0.623449386596111 0.245867160653333
0.0034 2.5e-07 0.01 A 0.01333 0.01 5 1245.8064516129 0.043 0.0070023355466445 0.162704635566062 0.020085080001005 0.01145875022707 0.409901316127791 0.215392328131163
0.0034 2.5e-07 0.01 X 0.01333 0.01 37 760.918367346939 0.098 0.0257068518064491 0.262314814351521 0.060055231439185 0.02368369336948 0.595474968665051 0.231610839149643
0.0034 2.5e-07 0.01 A 0.01333 0.1 66 1067.56906077348 0.443 0.079288288468649 0.178942853071311 0.244498426685005 0.130981633337455 0.518639744095734 0.26822257352456
0.0034 2.5e-07 0.01 X 0.01333 0.1 207 693.380062305296 0.651 0.155403540496844 0.238715115970574 0.412025910516655 0.165425434634155 0.622651639454278 0.248307239027358
0.0034 2.5e-07 0.01 A 0.01333 0.5 123 589.754350051177 0.995 0.183392384848645 0.184313954621754 0.79072794451479 0.41955604321272 0.793943347914593 0.421144736847925
0.0034 2.5e-07 0.01 X 0.01333 0.5 347 318.33 1 0.243697517346865 0.243697517346865 0.78707469803 0.3445261994311 0.78707469803 0.3445261994311
0.0034 2.5e-07 0.5 A 0.01333 0.001 1 NA 0.00700000000000001 0.00118049420172458 NA 0.00297906665614 0.001248626661055 0.408593332117143 0.169254761255714
0.0034 2.5e-07 0.5 X 0.01333 0.001 5 712 0.015 0.00361471238433258 0.240980825622172 0.008292382261055 0.00270837758729 0.550825483814667 0.177759690661667
0.0034 2.5e-07 0.5 A 0.01333 0.01 18 1085.23076923077 0.149 0.0242726128340805 0.162903441839466 0.06826460687069 0.02720944338672 0.448348815833523 0.177385593157483
0.0034 2.5e-07 0.5 X 0.01333 0.01 48 714.213836477987 0.16 0.0369157338226581 0.230723336391613 0.09052326209016 0.03016554202619 0.559524777143844 0.185275137597687
0.0034 2.5e-07 0.5 A 0.01333 0.1 103 945.028011204482 0.781 0.131126276041782 0.167895359848633 0.4104675038872 0.1683719935444 0.403752945648387 0.165824468757766
0.0034 2.5e-07 0.5 X 0.01333 0.1 260 594.292866082603 0.802 0.187544966817595 0.233846592041889 0.48513965694668 0.166336709752345 0.478491005059825 0.164120580395493
0.0034 2.5e-07 0.5 A 0.01333 0.5 103 606.373966942149 0.997 0.158806301208725 0.159284153669734 0.679059330938885 0.324366949318565 0.680286955151304 0.324873593422021
0.0034 2.5e-07 0.5 X 0.01333 0.5 334 315.725725725726 0.996 0.235328642837595 0.23627373778875 0.717727230739945 0.280665993864775 0.719143346422691 0.281172332085773
0.0034 2.5e-07 0.01 A 0.02667 0.001 2 NA 0.002 0.00075810748694943 NA 0.00145567665551 0.00059283663021 0.65924666515 0.232366649545
0.0034 2.5e-07 0.01 X 0.02667 0.001 13 391.538461538462 0.013 0.00560858917003711 0.431429936156701 0.00977991553572 0.0024178799784 0.749015382870769 0.183063588121538
0.0034 2.5e-07 0.01 A 0.02667 0.01 47 804.0625 0.0669999999999999 0.0226082616061559 0.337436740390387 0.041252290077705 0.016093306745765 0.594575174996343 0.218549105975299
0.0034 2.5e-07 0.01 X 0.02667 0.01 185 419.195979899498 0.199 0.090056605285902 0.452545755205538 0.147752444230285 0.037014942298175 0.739689222706307 0.184006075181508
0.0034 2.5e-07 0.01 A 0.02667 0.1 471 590.512820512821 0.626 0.222323132018167 0.355148773191959 0.450028736910205 0.167929253253785 0.709516389976078 0.26029214033131
0.0034 2.5e-07 0.01 X 0.02667 0.1 831 301.898305084746 0.885 0.394225882868063 0.445452974992162 0.6998475281141 0.17747107450836 0.789958422265418 0.200016295096079
0.0034 2.5e-07 0.01 A 0.02667 0.5 730 155.65 1 0.352544166048603 0.352544166048603 0.886680715725 0.336049756674 0.886680715725 0.336049756674
0.0034 2.5e-07 0.01 X 0.02667 0.5 959 104.16 1 0.454192049259944 0.454192049259944 0.87717287145 0.237718105848 0.87717287145 0.237718105848
0.0034 2.5e-07 0.5 A 0.02667 0.001 19 464.782608695652 0.023 0.00868856087355323 0.377763516241445 0.0152543366445 0.00375438009041 0.661786086085652 0.162373047448478
0.0034 2.5e-07 0.5 X 0.02667 0.001 19 330.952380952381 0.021 0.00939576047221143 0.447417165343401 0.01539213779221 0.0028475199712 0.73048402200881 0.134264972066905
0.0034 2.5e-07 0.5 A 0.02667 0.01 248 498.935483870968 0.31 0.1125387622408 0.363028265292905 0.201138210126565 0.04820588674834 0.6475286025415 0.154719602396194
0.0034 2.5e-07 0.5 X 0.02667 0.01 299 323.619047619048 0.315 0.147159289295676 0.467172346970401 0.229874075373075 0.0430046481215 0.728991110508508 0.135973711820095
0.0034 2.5e-07 0.5 A 0.02667 0.1 785 336.393442622951 0.976 0.364583121154776 0.373548279871697 0.69252816893363 0.16968275597488 0.692979910264682 0.16966888941438
0.0034 2.5e-07 0.5 X 0.02667 0.1 916 223.501544799176 0.971 0.444579656662021 0.457857524883647 0.74704734307568 0.142789174556715 0.746241515960536 0.142540795504248
0.0034 2.5e-07 0.5 A 0.02667 0.5 802 163.62 1 0.36539446229898 0.36539446229898 0.785596242665 0.2134492035635 0.785596242665 0.2134492035635
0.0034 2.5e-07 0.5 X 0.02667 0.5 961 105.45 1 0.461720139748342 0.461720139748342 0.825724933975 0.17380149082585 0.825724933975 0.17380149082585
0.0034 2.5e-07 0.01 A 0.05333 0.001 4 NA 0.004 0.00209098736947199 NA 0.00316078000234 0.000843189990275 0.7763808334125 0.19578166356875
0.0034 2.5e-07 0.01 X 0.05333 0.001 27 257.407407407407 0.027 0.0172152664175068 0.637602459907659 0.02256814674249 0.00332714210971 0.834625517244074 0.122215798291296
0.0034 2.5e-07 0.01 A 0.05333 0.01 101 481.980198019802 0.102 0.0523769839982345 0.513499843119947 0.07702252299705 0.020549449788455 0.745608950967255 0.192116043724461
0.0034 2.5e-07 0.01 X 0.05333 0.01 331 223.504531722054 0.331 0.213782725492992 0.645869261308134 0.28154986181386 0.04139609574894 0.849981750999819 0.124625908576042
0.0034 2.5e-07 0.01 A 0.05333 0.1 796 289.032663316583 0.796 0.40905648443946 0.513890055828467 0.671007086778925 0.173787700263645 0.840408810806979 0.216075130118524
0.0034 2.5e-07 0.01 X 0.05333 0.1 980 129.142857142857 0.98 0.629490394181639 0.64233713692004 0.875403204523355 0.13086487570816 0.893200040901275 0.133481247326342
0.0034 2.5e-07 0.01 A 0.05333 0.5 999 64.69 1 0.518839894827217 0.518839894827217 0.936929703765 0.2477621879375 0.936929703765 0.2477621879375
0.0034 2.5e-07 0.01 X 0.05333 0.5 1000 48.68 1 0.644968401879253 0.644968401879253 0.932290715365 0.1481828678435 0.932290715365 0.1481828678435
0.0034 2.5e-07 0.5 A 0.05333 0.001 49 235.102040816327 0.049 0.029710642358095 0.606339639961122 0.039024609994025 0.005052909911335 0.796028911434694 0.102920882584388
0.0034 2.5e-07 0.5 X 0.05333 0.001 54 178.518518518519 0.054 0.0357634883707276 0.662286821680141 0.045332386785125 0.004407804106545 0.839267738806852 0.081443944317037
0.0034 2.5e-07 0.5 A 0.05333 0.01 523 226.826003824092 0.523 0.306772778942259 0.58656363086474 0.41835296656478 0.05393422404048 0.799710949452667 0.102975253114331
0.0034 2.5e-07 0.5 X 0.05333 0.01 508 161.968503937008 0.508 0.343223738515539 0.675637280542399 0.43013325385183 0.042240148738395 0.846574830408081 0.0830357608531398
0.0034 2.5e-07 0.5 A 0.05333 0.1 999 131.111111111111 0.999 0.594505658452265 0.595100759211476 0.839249933267685 0.109913314256645 0.839263700269955 0.109915045964109
0.0034 2.5e-07 0.5 X 0.05333 0.1 999 95.6656656656657 0.999 0.668783420288727 0.669452873161889 0.875049896459345 0.087487274232625 0.875043784694039 0.0874989821072322
0.0034 2.5e-07 0.5 A 0.05333 0.5 1000 67.3 1 0.588346703430634 0.588346703430634 0.874289874415 0.125656364434 0.874289874415 0.125656364434
0.0034 2.5e-07 0.5 X 0.05333 0.5 1000 49.39 1 0.672984192951462 0.672984192951462 0.90182361271 0.0985294880293 0.90182361271 0.0985294880293
0.0034 2.5e-07 0.01 A 0.0667 0.001 6 NA 0.00600000000000001 0.00343291934842005 NA 0.004676603276795 0.00112963999021 0.7714527684175 0.1795277763025
0.0034 2.5e-07 0.01 X 0.0667 0.001 34 197.058823529412 0.034 0.0233830681447148 0.687737298373964 0.02954304440205 0.003596902248065 0.868318037939265 0.105179608605588
0.0034 2.5e-07 0.01 A 0.0667 0.01 123 434.959349593496 0.123 0.0681121260350489 0.55375712223617 0.0962622232866 0.0226374030803 0.776462194619634 0.177843737848455
0.0034 2.5e-07 0.01 X 0.0667 0.01 399 187.869674185464 0.399 0.277484477723957 0.695449818857035 0.34858647521854 0.04291508265979 0.873282739327531 0.107272788591053
0.0034 2.5e-07 0.01 A 0.0667 0.1 861 237.061556329849 0.861 0.48313100170687 0.561127760402869 0.74762495344482 0.172617296337715 0.866953887028322 0.199215288090168
0.0034 2.5e-07 0.01 X 0.0667 0.1 992 100.282258064516 0.992 0.691889701048651 0.697469456702269 0.906702307020465 0.1130437324412 0.913992625822263 0.113934286730806
0.0034 2.5e-07 0.01 A 0.0667 0.5 1000 51.85 1 0.564667932500529 0.564667932500529 0.947959386845 0.223359700296 0.947959386845 0.223359700296
0.0034 2.5e-07 0.01 X 0.0667 0.5 1000 39.84 1 0.698168786890263 0.698168786890263 0.944156325065 0.1250975111198 0.944156325065 0.1250975111198
0.0034 2.5e-07 0.5 A 0.0667 0.001 62 192.258064516129 0.0620000000000001 0.0414810043428407 0.669048457142592 0.05138842660012 0.005349466668585 0.828647525794919 0.0861560215521774
0.0034 2.5e-07 0.5 X 0.0667 0.001 62 149.193548387097 0.0620000000000001 0.0441994064938441 0.712893653126518 0.053684813314425 0.00426424423947 0.865717204028629 0.0686542618981452
0.0034 2.5e-07 0.5 A 0.0667 0.01 580 179.810344827586 0.58 0.376416126343292 0.648993321281538 0.48434863270503 0.050679503726975 0.834956815000474 0.0872759604538362
0.0034 2.5e-07 0.5 X 0.0667 0.01 588 132.823129251701 0.588 0.426489950097292 0.72532304438315 0.513328817405585 0.04086907295052 0.872931760517185 0.0694366622277721
0.0034 2.5e-07 0.5 A 0.0667 0.1 1000 101.15 1 0.657737278412003 0.657737278412003 0.8691296329975 0.092443294233635 0.8691296329975 0.092443294233635
0.0034 2.5e-07 0.5 X 0.0667 0.1 999 74.4944944944945 0.999 0.725390959390165 0.726117076466632 0.89825290217539 0.07274918678932 0.898247122618008 0.0727554311114314
0.0034 2.5e-07 0.5 A 0.0667 0.5 1000 53.33 1 0.653208819994629 0.653208819994629 0.895887329045 0.10412843755615 0.895887329045 0.10412843755615
0.0034 2.5e-07 0.5 X 0.0667 0.5 1000 40.2 1 0.726052279940675 0.726052279940675 0.91920343155 0.0810642714355 0.91920343155 0.0810642714355
0.0034 2.5e-07 0.01 A 0.1334 0.001 10 NA 0.01 0.00656672837759574 NA 0.008411836711945 0.001383410040605 0.8372093378635 0.1333943379055
0.0034 2.5e-07 0.01 X 0.1334 0.001 70 115.857142857143 0.07 0.0573862921686489 0.819804173837841 0.064703261940025 0.00446533747962 0.924224948328929 0.0636509798252143
0.0034 2.5e-07 0.01 A 0.1334 0.01 182 283.351648351648 0.182 0.123919265382467 0.680875084519048 0.15554069981497 0.025196483516485 0.852205841498599 0.135899927812885
0.0034 2.5e-07 0.01 X 0.1334 0.01 614 103.664495114007 0.614 0.50258278462889 0.818538737180603 0.571165263064515 0.0391078428224 0.930176838136287 0.0636281841085098
0.0034 2.5e-07 0.01 A 0.1334 0.1 956 114.267782426778 0.956 0.653726528350514 0.683814360199283 0.891540529633865 0.14280308755178 0.932340703953562 0.149160806372317
0.0034 2.5e-07 0.01 X 0.1334 0.1 1000 50.05 1 0.821484408539738 0.821484408539738 0.95548108953 0.066444018664445 0.95548108953 0.066444018664445
0.0034 2.5e-07 0.01 A 0.1334 0.5 1000 29.57 1 0.686975983878409 0.686975983878409 0.971142429795 0.1594354524355 0.971142429795 0.1594354524355
0.0034 2.5e-07 0.01 X 0.1334 0.5 1000 22.9 1 0.82348130669709 0.82348130669709 0.969345263695 0.07119249874655 0.969345263695 0.07119249874655
0.0034 2.5e-07 0.5 A 0.1334 0.001 121 106.611570247934 0.121 0.0964572664427167 0.797167491262121 0.109399112989135 0.0059654566705 0.904091842886074 0.0492775482443388
0.0034 2.5e-07 0.5 X 0.1334 0.001 120 82.4166666666667 0.12 0.101050357550569 0.84208631292141 0.11116641351263 0.00465645333778 0.926351223706417 0.0387711481794583
0.0034 2.5e-07 0.5 A 0.1334 0.01 811 94.3896424167694 0.811 0.64993545702011 0.801400070308397 0.73807109672366 0.04026995351956 0.910059671257324 0.0496369546081504
0.0034 2.5e-07 0.5 X 0.1334 0.01 836 72.0933014354067 0.836 0.705883337747853 0.844358059507001 0.77855626275276 0.0324816753476 0.93127753386076 0.0388454436640849
0.0034 2.5e-07 0.5 A 0.1334 0.1 1000 50.34 1 0.804686096549081 0.804686096549081 0.9302881362035 0.051428456732485 0.9302881362035 0.051428456732485
0.0034 2.5e-07 0.5 X 0.1334 0.1 1000 39.46 1 0.846423228282881 0.846423228282881 0.946590577094 0.040087386560925 0.946590577094 0.040087386560925
0.0034 2.5e-07 0.5 A 0.1334 0.5 1000 30.13 1 0.802473366397566 0.802473366397566 0.943108333705 0.05671987019325 0.943108333705 0.05671987019325
0.0034 2.5e-07 0.5 X 0.1334 0.5 1000 23.04 1 0.847427797014683 0.847427797014683 0.956339635275 0.0437447374888 0.956339635275 0.0437447374888
