m r d s f D_dxy_mean D_dxy_quantile0.05 D_dxy_quantile0.25 D_dxy_quantile0.50 D_dxy_quantile0.75 D_dxy_quantile0.95 HD_dxy_mean HD_dxy_quantile0.05 HD_dxy_quantile0.25 HD_dxy_quantile0.50 HD_dxy_quantile0.75 HD_dxy_quantile0.95
0.000365 1.05e-06 0.01 0 0.1 1025.33798543689 909.177083333333 981.744791666667 1025.10416666667 1075.05208333333 1130.55208333333 1027.87111244019 906.370833333333 965.270833333333 1032.33333333333 1082.95833333333 1166
0.000365 1.05e-06 0.5 0 0.1 1025.33798543689 909.177083333333 981.744791666667 1025.10416666667 1075.05208333333 1130.55208333333 1027.87111244019 906.370833333333 965.270833333333 1032.33333333333 1082.95833333333 1166
0.000365 1.05e-06 0.01 0.0305 0.1 1082.59265194682 963.052083333333 1042.88541666667 1084.4375 1124.33333333333 1198.5625 1088.21197447447 971.345833333333 1044.08333333333 1089.33333333333 1129.71875 1201.61458333333
0.000365 1.05e-06 0.5 0.0305 0.1 1073.19108952703 960.694791666667 1022.44791666667 1076.1875 1124.453125 1187.63854166667 1077.63059225777 947.833333333333 1027.8125 1081.41666666667 1126.67708333333 1190.99791666667
0.000365 1.05e-06 0.01 0.0609 0.1 1113.10142318244 999.479166666668 1068.92708333333 1114.60416666667 1161.765625 1213.9375 1119.80970068906 1005.665625 1076.90104166667 1120.09375 1164.17708333333 1227.71458333333
0.000365 1.05e-06 0.5 0.0609 0.1 1093.2517921147 975.4 1044.04166666667 1096.1875 1142.77083333333 1206.82083333333 1104.63463827839 993.075 1062.01041666667 1106.51041666667 1150.44270833333 1213.94791666667
0.000365 1.05e-06 0.01 0.1218 0.1 1147.66565697361 1044.81666666666 1102.16666666667 1148.77083333333 1194.88541666667 1244.10625 1149.08508587452 1048.94791666667 1109.73958333333 1148.75 1189.90625 1250.85416666667
0.000365 1.05e-06 0.5 0.1218 0.1 1122.42302766393 1014.94791666667 1076.296875 1127.45833333333 1167.25520833333 1227.22395833333 1135.01582996973 1030.15625 1090 1135.14583333333 1179.47916666667 1235.48958333333
0.000365 1.05e-06 0.01 0.2437 0.1 1177.57655848329 1082.309375 1141.16666666666 1179.14583333333 1215.41145833334 1268.78541666667 1185.3340691221 1083.65625 1149.46875 1186.9375 1226.44791666667 1277.29166666667
0.000365 1.05e-06 0.5 0.2437 0.1 1158.37395833333 1052.80833333333 1118.75520833333 1160.27083333333 1199.375 1254.153125 1165.41438671352 1063.36458333333 1127.30208333333 1168.58333333333 1205.11458333334 1257.625
0.000365 1.05e-06 0.01 0.3046 0.1 1182.8016064257 1098.421875 1146.171875 1183.44791666667 1220.97395833333 1270.16145833333 1193.83640813253 1101.48958333333 1157.875 1197.0625 1232.16666666666 1280.8125
0.000365 1.05e-06 0.5 0.3046 0.1 1170.38957080828 1069.35 1129.59375 1172.01041666667 1211.34895833333 1263.56979166667 1179.2000292838 1079.84375 1144.125 1183.01041666667 1215.6875 1270.06770833333
0.000365 1.05e-06 0.01 0.6092 0.1 1205.07908992416 1116.625 1168.15625 1205.1875 1241.04166666667 1291.41875 1214.43114123159 1117.90625 1179.74479166667 1217.25 1248.25520833333 1304.69270833333
0.000365 1.05e-06 0.5 0.6092 0.1 1194.89961931058 1101.35416666667 1155.50520833333 1197.63541666667 1232.88020833334 1284.07291666667 1203.08119550637 1117.5125 1168.23958333333 1201.65625 1238.796875 1293.38541666667
0.000365 1.05e-06 0.01 2e-04 0.1 1024.01378824477 912.25 979.385416666667 1023.125 1069.67708333333 1135.71041666667 1025.7125 895.7375 962.979166666667 1027.66666666667 1082.0625 1159.37083333334
0.000365 1.05e-06 0.5 2e-04 0.1 1024.14472087379 909.151041666667 979.3125 1024.58333333333 1074.828125 1132.140625 1026.86267006803 896.796875 965.328125 1031.1875 1081.79166666667 1168.66666666667
0.000365 1.05e-06 0.01 4e-04 0.1 1023.88500816993 911.530208333333 978.291666666667 1023.22916666666 1070.51041666667 1131.07395833333 1025.72439883914 895.875 965.104166666667 1028.25 1079.4375 1147.75
0.000365 1.05e-06 0.5 4e-04 0.1 1023.10705445545 908.483333333333 976.973958333333 1020.89583333333 1075.72395833334 1138.35833333333 1027.62014248705 895.158333333333 962.083333333333 1033.60416666667 1082.04166666667 1157.42916666667
0.000365 1.05e-06 0.01 9e-04 0.1 1030.2440920398 915.041666666667 978.583333333333 1032.66666666667 1079.41666666667 1140.3125 1032.32975260417 905.3875 979.354166666667 1035.58333333333 1088.33333333333 1156.67291666667
0.000365 1.05e-06 0.5 9e-04 0.1 1024.470004363 912.958333333333 975 1030.08333333333 1069.88541666667 1131.85416666667 1031.18375220459 896.854166666667 968.729166666667 1034.54166666667 1086.75 1156.4625
0.000365 1.05e-06 0.01 0.003 0.1 1033.11066419142 912.761458333333 976.864583333333 1034.26041666667 1090.27083333334 1157.75416666667 1036.34278350515 910.852083333333 983.239583333333 1028.69791666667 1094.19270833333 1169.0625
0.000365 1.05e-06 0.5 0.003 0.1 1036.74504573171 907.453125 994.364583333333 1041.70833333333 1082.94270833333 1152.040625 1032.10756086142 904.182291666667 969.520833333333 1028.36458333333 1091.453125 1175.95104166667
0.000365 1.05e-06 0.01 0.0042 0.1 1032.45633012821 917.140625 977.963541666667 1028.14583333333 1089.94791666667 1159.04479166666 1035.42889718076 913.229166666667 983.25 1034.85416666667 1087.52083333333 1171.39583333333
0.000365 1.05e-06 0.5 0.0042 0.1 1034.48023200758 901.979166666667 990.15625 1042.22916666667 1079.66666666667 1140.69791666666 1037.35649323181 915.658333333334 981.645833333333 1038.79166666667 1093.8125 1170.15833333333
0.000365 1.05e-06 0.01 0.0058 0.1 1032.92095896147 913.260416666667 974.583333333333 1039.75 1083.67708333333 1156.52083333333 1042.48617601246 916.773958333333 997.171875 1044.53125 1092.68229166667 1159.67708333333
0.000365 1.05e-06 0.5 0.0058 0.1 1035.06883591065 912.853125 988.03125 1037.55208333333 1081.08854166667 1162.92395833333 1046.57860725309 924.817708333333 998.84375 1050.1875 1099.81770833333 1160.35416666666
0.000365 1.05e-06 0.01 0.0081 0.1 1034.67781007752 918.439583333333 985.572916666667 1029.8125 1084.26041666667 1156.88125 1050.76764614428 928.972916666666 999.937499999997 1051.53125 1107.53645833333 1175.13333333333
0.000365 1.05e-06 0.5 0.0081 0.1 1039.31138888889 917.654166666667 986.958333333333 1042.5625 1087.875 1162.57916666667 1051.90325342466 927.644791666667 996.166666666667 1051.17708333333 1100.27083333334 1181.59479166667
0.000365 1.05e-06 0.01 0.0113 0.1 1043.25332255747 924.288541666667 998.21875 1046.02083333333 1087.82291666667 1153.0125 1054.48393416928 928.6875 1002.625 1052.9375 1108.33333333333 1180.91875
0.000365 1.05e-06 0.5 0.0113 0.1 1039.31583333333 894.397916666667 985.885416666667 1045.5 1088 1160.08541666667 1049.24037620297 917.083333333333 993.458333333333 1051.5625 1106.125 1171.0625
0.000365 1.05e-06 0.01 0.0217 0.1 1066.84672619048 946.296875 1019.23958333333 1071.76041666667 1118.671875 1178.053125 1075.88812229437 956.779166666666 1030.09375 1076.13541666667 1125.29166666667 1195.83125
0.000365 1.05e-06 0.5 0.0217 0.1 1062.28026315789 942.766666666667 1007.8125 1063.9375 1114.35416666667 1181.88541666667 1066.77948994253 946.9125 1021.21875 1070.9375 1115.23958333334 1181.10729166667
0.000365 1.05e-06 0.01 0.0302 0.1 1080.34781073446 954.46875 1033.94791666666 1085.625 1127.72916666667 1190.61979166666 1088.09327737447 971.447916666667 1041.23958333333 1088.60416666667 1128.39583333333 1207.54166666667
0.000365 1.05e-06 0.5 0.0302 0.1 1071.43312146893 955.7375 1021.05729166667 1075.14583333333 1121.765625 1181.746875 1077.03722105997 948.920833333333 1024.95833333333 1082.5 1127.85416666667 1191.59583333333
0.000365 1.05e-06 0.01 0.042 0.1 1096.54535800971 972.967708333333 1052.234375 1102.90625 1144.22916666666 1200.56666666667 1102.73763318113 996.025 1058.47916666667 1105.3125 1147.8125 1212.93333333333
0.000365 1.05e-06 0.5 0.042 0.1 1078.34895833333 958.477083333333 1033.49479166666 1082.46875 1126.86458333333 1186.41354166667 1089.61560053564 971.870833333333 1040.91666666667 1090.0625 1136.72916666667 1210.4625
0.000365 1.05e-06 0.01 0.0583 0.1 1112.07587129055 1005.78125 1069.08333333333 1111.58333333333 1159.35416666667 1219.68125 1117.41683006536 1013.125 1074.97916666667 1118.0625 1160.83333333333 1222.94583333334
0.000365 1.05e-06 0.5 0.0583 0.1 1092.10649819495 972.677083333333 1049.16666666667 1093.9375 1138.88541666667 1200.30208333333 1103.25620860927 991.630208333333 1056.796875 1102.52083333333 1151.125 1215.58333333334
0.000365 1.05e-06 0.01 0.081 0.1 1125.43518518519 1009.67291666666 1085.08854166667 1129.03125 1169.59375 1229.18229166666 1131.82168903151 1024.7875 1088.27083333333 1133.83333333333 1172.4375 1239.325
0.000365 1.05e-06 0.5 0.081 0.1 1105.6951404185 998.86875 1059.54166666667 1108.125 1153.75520833333 1211.56458333334 1116.22043010753 1007.10416666667 1069.04166666667 1121.10416666667 1161.85416666667 1220.375
0.000365 1.05e-06 0.01 0.113 0.1 1141.8703817734 1037.79166666667 1101.39583333333 1144.95833333333 1184.5 1237.55 1147.77717488389 1042.78333333333 1107.45833333333 1150.79166666667 1188.27083333333 1243.51666666667
0.000365 1.05e-06 0.5 0.113 0.1 1118.66956018519 1013.23958333333 1072.38020833333 1121.77083333333 1164.46875 1220.23020833333 1131.26249577845 1024.69375 1089.04166666667 1129.66666666667 1174.51041666667 1240.80833333333
0.000365 1.05e-06 0.01 0.156 0.1 1160.12712075848 1052.96354166667 1117.41666666667 1164.97916666667 1204.90104166666 1261.50208333334 1161.67371103118 1061.30833333333 1121.66666666667 1163.77083333333 1203.625 1257.05416666667
0.000365 1.05e-06 0.5 0.156 0.1 1137.49236320913 1030.875 1092.39583333333 1140.72916666667 1183.72916666667 1237.64583333333 1148.09731304494 1048.06458333334 1109.953125 1147.84375 1188.05729166666 1249.684375
0.000365 1.05e-06 0.01 0.217 0.1 1171.55857648099 1074.35104166667 1133.796875 1175.26041666667 1210.85416666666 1260.86979166666 1178.57638888889 1082.7 1142.04166666667 1180.125 1216.34375 1267.72083333333
0.000365 1.05e-06 0.5 0.217 0.1 1152.42900384102 1043.715625 1112.34895833333 1158.03125 1195.28125 1248.0625 1163.2749539826 1060.49479166666 1124.296875 1165.35416666667 1204.29166666666 1254.875
0.000365 1.05e-06 0.01 0.302 0.1 1183.23202123397 1091.834375 1146.09375 1183.92708333333 1219.71354166666 1272.121875 1192.70871021776 1097.58541666667 1153.52083333333 1195.08333333333 1230.67708333333 1280.97291666667
0.000365 1.05e-06 0.5 0.302 0.1 1169.54087341349 1074.21666666667 1129.61979166667 1172.0625 1209.05729166666 1265.07604166667 1178.72164991625 1085.16666666667 1142.66666666667 1180.45833333333 1216.02083333333 1271.89375
