m r d s f D_fst_mean D_fst_quantile0.05 D_fst_quantile0.25 D_fst_quantile0.50 D_fst_quantile0.75 D_fst_quantile0.95 HD_fst_mean HD_fst_quantile0.05 HD_fst_quantile0.25 HD_fst_quantile0.50 HD_fst_quantile0.75 HD_fst_quantile0.95
0.000365 1.05e-06 0.01 0 0.1 0.629185685495409 0.514437376555165 0.590849304972647 0.63767443823162 0.676487245844335 0.7173403614118 0.626232468357881 0.514992316791314 0.584481908094424 0.633990044529082 0.672182162557843 0.718991930862782
0.000365 1.05e-06 0.5 0 0.1 0.629185685495409 0.514437376555165 0.590849304972647 0.63767443823162 0.676487245844335 0.7173403614118 0.626232468357881 0.514992316791314 0.584481908094424 0.633990044529082 0.672182162557843 0.718991930862782
0.000365 1.05e-06 0.01 0.0305 0.1 0.641407533771225 0.521149215175558 0.605106916056855 0.652496511339413 0.685002668843755 0.726938507965405 0.650028427670537 0.54291825199645 0.61375980375362 0.658265760968586 0.694977253492306 0.735243018374345
0.000365 1.05e-06 0.5 0.0305 0.1 0.645729546447047 0.526567239899081 0.609004780565603 0.657389246888427 0.690905160186724 0.728177826709285 0.651167354087941 0.544644937688485 0.61832791613455 0.658948039048501 0.694282543999263 0.7332470894102
0.000365 1.05e-06 0.01 0.0609 0.1 0.65674246140626 0.535235747778072 0.621073949346586 0.667778993725246 0.704107491314146 0.741169264141314 0.675316873428369 0.562590847785982 0.645258898036025 0.687988608759013 0.717475246138575 0.749276796051643
0.000365 1.05e-06 0.5 0.0609 0.1 0.666878869482454 0.559677902666276 0.637450143728613 0.677730456733355 0.706855630052595 0.74126666292193 0.675573403260152 0.564676772087419 0.651687624589276 0.683640505143303 0.713936187293827 0.747962512338155
0.000365 1.05e-06 0.01 0.1218 0.1 0.680861309003176 0.556885070575231 0.647288752501089 0.69544937589503 0.727593308783447 0.756417735473038 0.706651362849949 0.609193089864507 0.689001369308451 0.717256972805633 0.739247441336913 0.761699499782184
0.000365 1.05e-06 0.5 0.1218 0.1 0.693758504484645 0.609067602818584 0.670105395583107 0.70135421972471 0.726300126616336 0.753218584212465 0.700983082383448 0.614415322886646 0.679783715752458 0.708940088829608 0.733223751886945 0.756369579048926
0.000365 1.05e-06 0.01 0.2437 0.1 0.709131466306094 0.59112604668873 0.690325789648513 0.725763503652788 0.745894736620084 0.769469938266065 0.733834396200678 0.67685291855804 0.718189837426056 0.738812452455799 0.755804594781005 0.777292359436336
0.000365 1.05e-06 0.5 0.2437 0.1 0.718469266619289 0.650888144897002 0.699986064733784 0.724578212235875 0.744820783080143 0.767556031149046 0.723624781073615 0.658922830475628 0.708563059221031 0.728807746960896 0.747259975518763 0.769022806348163
0.000365 1.05e-06 0.01 0.3046 0.1 0.71874297585083 0.602118311663569 0.705131855656585 0.733253309168723 0.751611214349704 0.770827088998531 0.73991838252377 0.689039614979373 0.726889603426261 0.745278682633737 0.759168338911193 0.778121072680354
0.000365 1.05e-06 0.5 0.3046 0.1 0.724665852563942 0.662069441534499 0.707571378139054 0.730190619966712 0.748306071796781 0.771289992353623 0.7308121503038 0.668798263459127 0.715951340703171 0.737099249939897 0.752915430815489 0.772710395090293
0.000365 1.05e-06 0.01 0.6092 0.1 0.74047815064504 0.655703300642138 0.733815319934235 0.74957976282478 0.763149517959233 0.779280183483832 0.752034822180891 0.71426682551553 0.74153198364942 0.754790035306545 0.766778380222361 0.784813319559283
0.000365 1.05e-06 0.5 0.6092 0.1 0.74167096435128 0.694713747688209 0.728898794214502 0.746102573091065 0.75901450211601 0.776172315689904 0.745986593628971 0.70053850270376 0.734996404467178 0.749525272209977 0.763958067428567 0.780086846846286
0.000365 1.05e-06 0.01 2e-04 0.1 0.62901291686677 0.515125588143226 0.589840268072855 0.637416163970006 0.676610746271961 0.717223708050242 0.626243063201865 0.514957331966385 0.584559999533169 0.633980924065496 0.673048822047158 0.718485047414633
0.000365 1.05e-06 0.5 2e-04 0.1 0.629081223413436 0.514870969237988 0.590450286841367 0.638005728080434 0.676021039098295 0.716960607471038 0.626298501513007 0.516959342772366 0.58464909972581 0.633767382965867 0.672556238691424 0.718719462572062
0.000365 1.05e-06 0.01 4e-04 0.1 0.629080519136088 0.512443597107086 0.589139280106926 0.637561062393907 0.67654242507454 0.716850104121033 0.626302339210405 0.514838199136617 0.584324495512459 0.634420911727535 0.673567482946351 0.718408937233723
0.000365 1.05e-06 0.5 4e-04 0.1 0.628967489464962 0.515099338884716 0.589820301291589 0.636064862485334 0.676179572706375 0.716447828730869 0.626276240600575 0.512373340927338 0.584330565286704 0.634840114907377 0.671895151650678 0.718410296196037
0.000365 1.05e-06 0.01 9e-04 0.1 0.62912176461468 0.5118899720372 0.589272276274055 0.637620761463343 0.676663869566697 0.716466579699161 0.626188672167805 0.513908040636511 0.584488019602099 0.634563670665788 0.671802655594529 0.718903078160633
0.000365 1.05e-06 0.5 9e-04 0.1 0.628770189659499 0.511224986588259 0.589919452217151 0.636366736239767 0.675742823109419 0.716096235881678 0.626188557226358 0.512127204067721 0.582418998068546 0.635167173486842 0.671651241496146 0.718404057968928
0.000365 1.05e-06 0.01 0.003 0.1 0.629207877600891 0.514357544642025 0.58987757172439 0.637372806367128 0.676382994486221 0.717058728002295 0.626931436287548 0.515223341402387 0.586194862583578 0.634507717079078 0.673332385632861 0.719427070643519
0.000365 1.05e-06 0.5 0.003 0.1 0.628848230736108 0.511099462465273 0.589919533352553 0.638985183042409 0.676179852859136 0.717041555179614 0.626952562630837 0.515984543317918 0.583825316308112 0.634865936271988 0.674042652239335 0.718652607989648
0.000365 1.05e-06 0.01 0.0042 0.1 0.629561958627621 0.512509523910846 0.591192921713673 0.638829624157643 0.677384407787566 0.717274824070973 0.627132869968252 0.517967027063968 0.586617683942378 0.635468388450093 0.67391518346562 0.719861107684421
0.000365 1.05e-06 0.5 0.0042 0.1 0.629331682433626 0.514056826307111 0.590492410754272 0.638891972817288 0.67495616269275 0.716765095826757 0.626980456123652 0.515806949623517 0.587109296210923 0.634908882504411 0.674015207533902 0.717686531488429
0.000365 1.05e-06 0.01 0.0058 0.1 0.629955656682442 0.51211534449567 0.590565884195331 0.639301928733246 0.674633040655568 0.718167381341747 0.627761663198915 0.517136498598126 0.587639219994898 0.635552590066439 0.674006623043686 0.718185963337778
0.000365 1.05e-06 0.5 0.0058 0.1 0.629577269018856 0.516628290974126 0.59055461475199 0.63891998548339 0.674808889668786 0.716977247204965 0.628387239114241 0.517671623583635 0.587014410094958 0.636570451079798 0.672615239392114 0.717805776470173
0.000365 1.05e-06 0.01 0.0081 0.1 0.630502294697157 0.511676561667924 0.592744133128603 0.638862979136687 0.676917944804803 0.716455374231676 0.629821489601395 0.517714380318365 0.590215249807771 0.637606021603515 0.676216220091785 0.721170161737512
0.000365 1.05e-06 0.5 0.0081 0.1 0.629847704660806 0.5150002578304 0.590959451740666 0.639476623054446 0.676219697652526 0.716001156959505 0.629643794692754 0.520251148266756 0.589584307835254 0.637882127398431 0.673463497316216 0.720089676030631
0.000365 1.05e-06 0.01 0.0113 0.1 0.631754476263788 0.516462885884691 0.594734419631535 0.641219434633294 0.676986621790299 0.716730448188171 0.632456009999365 0.521282386811702 0.594785788183277 0.642333047959484 0.676899940325385 0.722495069652072
0.000365 1.05e-06 0.5 0.0113 0.1 0.631500776436068 0.516211997922764 0.594230273281785 0.640135002279298 0.67838941494394 0.718162133303643 0.632361602206247 0.522303447939665 0.594295019742629 0.638382656658228 0.679363894917199 0.721595656919053
0.000365 1.05e-06 0.01 0.0217 0.1 0.63683782497487 0.519959410369691 0.597149426018289 0.64685762256354 0.683816225419756 0.720006447338734 0.64222835644271 0.53435645955889 0.607711742666694 0.650194399219574 0.686712885403054 0.730949046609451
0.000365 1.05e-06 0.5 0.0217 0.1 0.638905861198948 0.528067683979058 0.601151387113285 0.649364651009545 0.684981884622546 0.723890697062277 0.642029553288445 0.53328253547443 0.60563981427984 0.647693782843003 0.686181473733023 0.728835524787185
0.000365 1.05e-06 0.01 0.0302 0.1 0.641542144719415 0.520258924631053 0.605640796925827 0.652799932707604 0.685349523517525 0.724927697349891 0.649687295395042 0.542870239308788 0.613648751475012 0.657271661890453 0.695055984744796 0.734736123648335
0.000365 1.05e-06 0.5 0.0302 0.1 0.645501790304317 0.528073689252183 0.610013355759032 0.65730816780986 0.6902997159335 0.726829080820916 0.65079843246245 0.5442262612151 0.618475438462607 0.657875571405192 0.693357589059491 0.732335411107335
0.000365 1.05e-06 0.01 0.042 0.1 0.648851332365147 0.526355616739563 0.612823848007293 0.659922818844331 0.695251171116038 0.732299327612155 0.661495325070845 0.555017096837137 0.629605849522075 0.66968787027121 0.705804924181511 0.739841216515773
0.000365 1.05e-06 0.5 0.042 0.1 0.654194001846837 0.542647715525314 0.623290597170614 0.664375860154911 0.696054303591379 0.731815712775373 0.660757153971647 0.554265070016078 0.630049846108758 0.668494219174211 0.702176281674125 0.739201331996926
0.000365 1.05e-06 0.01 0.0583 0.1 0.656142790259912 0.535697468965821 0.621232137791662 0.668980642420729 0.702041843069916 0.738707385532329 0.673419949468252 0.556552699723696 0.644500494457628 0.68414568708981 0.714504263350297 0.747416340102535
0.000365 1.05e-06 0.5 0.0583 0.1 0.665652614149672 0.553555373410904 0.636242938704015 0.676597648818203 0.706550925913062 0.739410349375026 0.67417424847429 0.568132397981602 0.646138339381503 0.682568954405692 0.711200622346939 0.747645062279611
0.000365 1.05e-06 0.01 0.081 0.1 0.66502846561573 0.53726780213023 0.630573624981862 0.675584424578249 0.713098451501445 0.748459108169665 0.688539428669653 0.579386721322937 0.66324499326798 0.70185564527505 0.727081511891708 0.755058202454057
0.000365 1.05e-06 0.5 0.081 0.1 0.677956459014666 0.573934677986324 0.654231272340873 0.686111263934469 0.714826371034091 0.74500429080424 0.686686234430316 0.593020830585099 0.663407422503961 0.69643580037072 0.7211281376269 0.751181685965343
0.000365 1.05e-06 0.01 0.113 0.1 0.678038608549745 0.546718763342715 0.645980604385237 0.693763685112893 0.726257172266031 0.753500574934407 0.704069547592773 0.60657768936226 0.685837647343628 0.713248089665594 0.736792954790561 0.759174154319606
0.000365 1.05e-06 0.5 0.113 0.1 0.691934647456709 0.606865385124414 0.669127272272646 0.697967880549342 0.723919185347094 0.751046943647025 0.698812881286395 0.608701782496306 0.679679772831403 0.705207798580471 0.729223419035106 0.755511128313565
0.000365 1.05e-06 0.01 0.156 0.1 0.689897808530152 0.566095670620904 0.659417108812664 0.707989285126779 0.734961415811598 0.759889518630112 0.717131649456457 0.634332107330544 0.701724806751521 0.725594129961947 0.745620979602448 0.766150968065126
0.000365 1.05e-06 0.5 0.156 0.1 0.703152301353125 0.621095749666681 0.680189811106712 0.710614721428434 0.734462373436541 0.759611384473814 0.709978482485113 0.63114184526936 0.688792142526161 0.718895690329598 0.739635825307999 0.760491627824872
0.000365 1.05e-06 0.01 0.217 0.1 0.70434774184548 0.580669932585673 0.681564152378638 0.721642887773756 0.74365680605153 0.766575020870155 0.730412389478143 0.670840560760647 0.71488812007626 0.735683254825723 0.75277871614548 0.771561811208458
0.000365 1.05e-06 0.5 0.217 0.1 0.714733452155564 0.643025717522414 0.696079152698454 0.719875933887371 0.741772843456881 0.766590446627964 0.721309814983004 0.650843966298155 0.705528357282532 0.727590256330737 0.745294799393176 0.76885674070901
0.000365 1.05e-06 0.01 0.302 0.1 0.718334072149466 0.606490861378178 0.70459592531874 0.731936141967326 0.751237916831669 0.7711105705743 0.739541894767338 0.688403136886797 0.726064091693813 0.744028866833976 0.75818498920426 0.778586943735926
0.000365 1.05e-06 0.5 0.302 0.1 0.724077718828736 0.660869995797926 0.70639581484394 0.730283479234186 0.747793577916769 0.770085639183239 0.73094295327882 0.670970465708664 0.715481949269867 0.736222277572982 0.752493401581956 0.773666335665027
